3892
95 98 3 5102 2.00000034
116 98 3 6395 2.00000034
113 98 3 2555 2.00000034
126 98 3 4656 2.00000034
69 98 3 15887 2.00000034
60 98 3 4920 2.00000034
95 98 3 6067 2.00000034
43 98 3 31755 2.00000034
35 98 3 114504 2.00000034
24 98 3 23512 2.00000034
59 98 3 5308 2.00000034
72 98 3 6412 2.00000034
39 98 3 6970 2.00000034
6 98 3 29969 2.00000034
14 98 3 6794 2.00000034
16 98 3 5260 2.00000034
113 98 3 4529 2.00000034
83 98 3 7889 2.00000034
125 98 3 3274 2.00000034
76 98 3 11569 2.00000034
55 98 3 8261 2.00000034
99 98 3 143 2.00000034
48 98 3 4283 2.00000034
121 98 3 7315 2.00000034
5 98 3 6713 2.00000034
127 98 3 4020 2.00000034
100 98 3 678 2.00000034
20 98 3 1794 2.00000034
5 98 3 45855 2.00000034
6 98 3 9951 2.00000034
13 98 3 6186 2.00000034
102 98 3 15878 2.00000034
24 98 3 19111 2.00000034
113 98 3 4188 2.00000034
96 98 3 834518 2.00000034
55 98 3 8601 2.00000034
56 98 3 6021 2.00000034
37 98 3 1649345 2.00000034
86 98 3 6941 2.00000034
39 98 3 2092 2.00000034
23 98 3 23755 2.00000034
110 98 3 14934 2.00000034
20 98 3 5802 2.00000034
109 98 3 56142 2.00000034
57 98 3 2150 2.00000034
72 98 3 7751 2.00000034
18 98 3 61743 2.00000034
17 98 3 83310 2.00000034
47 98 3 2181 2.00000034
66 98 3 14698 2.00000034
84 98 3 7170 2.00000034
120 98 3 9481 2.00000034
58 98 3 53025 2.00000034
3 98 3 1232 2.00000034
67 98 3 7960 2.00000034
92 98 3 80932 2.00000034
127 98 3 755043 2.00000034
4 98 3 7506 2.00000034
10 98 3 24523 2.00000034
105 98 3 2922 2.00000034
83 98 3 94826 2.00000034
50 98 3 7612 2.00000034
58 98 3 3822 2.00000034
79 98 3 3989 2.00000034
52 98 3 5794 2.00000034
61 98 3 14131 2.00000034
77 98 3 20788 2.00000034
107 98 3 6020 2.00000034
112 98 3 5694 2.00000034
79 98 3 14948 2.00000034
125 98 3 7501 2.00000034
41 98 3 4491 2.00000034
20 98 3 7073 2.00000034
89 98 3 769 2.00000034
3 98 3 3182 2.00000034
93 98 3 4585 2.00000034
5 98 3 5598 2.00000034
3 98 3 298 2.00000034
80 98 3 11131 2.00000034
45 98 3 6670 2.00000034
112 98 3 4223 2.00000034
5 98 3 5479 2.00000034
125 98 3 6533 2.00000034
72 98 3 5086 2.00000034
39 98 3 122578 2.00000034
92 98 3 6485 2.00000034
62 98 3 31578 2.00000034
83 98 3 53865 2.00000034
38 98 3 20871 2.00000034
125 98 3 1577 2.00000034
50 98 3 15052 2.00000034
59 98 3 7718 2.00000034
57 98 3 1085 2.00000034
78 98 3 28548 2.00000034
2 98 3 28542 2.00000034
99 98 3 15632 2.00000034
13 98 3 6742 2.00000034
105 98 3 3771 2.00000034
10 98 3 4363 2.00000034
42 98 3 13846 2.00000034
120 98 3 5942 2.00000034
111 98 3 1896 2.00000034
95 98 3 6576 2.00000034
74 98 3 6729 2.00000034
117 98 3 1653 2.00000034
97 98 3 4622 2.00000034
12 98 3 23743 2.00000034
115 98 3 94586 2.00000034
110 98 3 5914 2.00000034
125 98 3 11304 2.00000034
113 98 3 55373 2.00000034
64 98 3 6644 2.00000034
9 98 3 11190 2.00000034
56 98 3 2990 2.00000034
18 98 3 1309 2.00000034
11 98 3 4005 2.00000034
42 98 3 5616 2.00000034
84 98 3 54389 2.00000034
95 98 3 6469 2.00000034
37 98 3 15871 2.00000034
99 98 3 5560 2.00000034
27 98 3 6890 2.00000034
75 98 3 6947 2.00000034
67 98 3 14770 2.00000034
82 98 3 5754 2.00000034
62 98 3 7839 2.00000034
94 98 3 4198 2.00000034
127 98 3 3793 2.00000034
90 98 3 3649 2.00000034
79 98 3 5092 2.00000034
120 98 3 31421 2.00000034
116 98 3 3748 2.00000034
69 98 3 1750 2.00000034
41 98 3 2998 2.00000034
17 98 3 3425 2.00000034
0 98 3 9078 2.00000034
72 98 3 6393 2.00000034
3 98 3 980 2.00000034
2 98 3 21032 2.00000034
105 98 3 7093 2.00000034
22 98 3 5770 2.00000034
27 98 3 4519 2.00000034
62 98 3 7048 2.00000034
81 98 3 7927 2.00000034
97 98 3 6112 2.00000034
64 98 3 6941 2.00000034
110 98 3 5708 2.00000034
87 98 3 4989 2.00000034
106 98 3 4127 2.00000034
108 98 3 26657 2.00000034
103 98 3 1069 2.00000034
107 98 3 651 2.00000034
83 98 3 838 2.00000034
0 98 3 1316 2.00000034
18 98 3 10812 2.00000034
7 98 3 13603 2.00000034
32 98 3 4232 2.00000034
104 98 3 3215 2.00000034
64 98 3 12349 2.00000034
81 98 3 24504 2.00000034
2 98 3 1161 2.00000034
46 98 3 24209 2.00000034
115 98 3 98888 2.00000034
93 98 3 5221 2.00000034
50 98 3 6592 2.00000034
56 98 3 13280 2.00000034
126 98 3 6838 2.00000034
17 98 3 2910 2.00000034
93 98 3 7371 2.00000034
89 98 3 1184 2.00000034
92 98 3 21985 2.00000034
44 98 3 27201 2.00000034
2 98 3 17849 2.00000034
59 98 3 5901 2.00000034
53 98 3 1163 2.00000034
52 98 3 6301 2.00000034
3 98 3 4185 2.00000034
69 98 3 4527 2.00000034
99 98 3 7413 2.00000034
118 98 3 4948 2.00000034
103 98 3 8031 2.00000034
16 98 3 11610 2.00000034
29 98 3 7327 2.00000034
91 98 3 1246 2.00000034
56 98 3 7965 2.00000034
94 98 3 132 2.00000034
81 98 3 4784 2.00000034
0 98 3 4123 2.00000034
10 98 3 5981 2.00000034
19 98 3 5835 2.00000034
60 98 3 5630 2.00000034
113 98 3 86887 2.00000034
64 98 3 5012 2.00000034
46 98 3 104364 2.00000034
9 98 3 5018 2.00000034
39 98 3 7821 2.00000034
30 98 3 7432 2.00000034
114 98 3 2044 2.00000034
7 98 3 829 2.00000034
36 98 3 7818 2.00000034
50 98 3 4123 2.00000034
25 98 3 5963 2.00000034
20 98 3 5515 2.00000034
54 98 3 3286 2.00000034
87 98 3 18479 2.00000034
34 98 3 2598 2.00000034
119 98 3 4444 2.00000034
81 98 3 7736 2.00000034
92 98 3 1416 2.00000034
119 98 3 7583 2.00000034
52 98 3 14449 2.00000034
106 98 3 4414 2.00000034
47 98 3 7814 2.00000034
32 98 3 30697 2.00000034
66 98 3 4184 2.00000034
10 98 3 11917 2.00000034
9 98 3 2311 2.00000034
116 98 3 1477 2.00000034
76 98 3 4062 2.00000034
6 98 3 9834 2.00000034
111 98 3 5772 2.00000034
120 98 3 17933 2.00000034
99 98 3 82690 2.00000034
47 98 3 752 2.00000034
55 98 3 25 2.00000034
10 98 3 5973 2.00000034
24 98 3 6577 2.00000034
73 98 3 28221 2.00000034
23 98 3 7244 2.00000034
92 98 3 19690 2.00000034
3 98 3 11777 2.00000034
109 98 3 5599 2.00000034
18 98 3 5398 2.00000034
37 98 3 4161 2.00000034
71 98 3 4358 2.00000034
58 98 3 7345 2.00000034
125 98 3 4635 2.00000034
118 98 3 5115 2.00000034
114 98 3 15374 2.00000034
72 98 3 6920 2.00000034
13 98 3 11899 2.00000034
37 98 3 8183 2.00000034
38 98 3 13235 2.00000034
127 98 3 5482 2.00000034
18 98 3 6567 2.00000034
117 98 3 23276 2.00000034
48 98 3 2842 2.00000034
113 98 3 6073 2.00000034
120 98 3 26292 2.00000034
38 98 3 5219 2.00000034
43 98 3 5264 2.00000034
115 98 3 7464 2.00000034
59 98 3 19603 2.00000034
5 98 3 1664 2.00000034
105 98 3 2492 2.00000034
11 98 3 14925 2.00000034
74 98 3 4626 2.00000034
103 98 3 4179 2.00000034
52 98 3 45378 2.00000034
66 98 3 20973 2.00000034
53 98 3 45016 2.00000034
30 98 3 2957 2.00000034
108 98 3 7185 2.00000034
46 98 3 2533 2.00000034
56 98 3 6164 2.00000034
126 98 3 4203 2.00000034
62 98 3 6935 2.00000034
53 98 3 7863 2.00000034
60 98 3 11479 2.00000034
11 98 3 9135 2.00000034
9 98 3 2878 2.00000034
77 98 3 4555 2.00000034
109 98 3 6821 2.00000034
47 98 3 4645 2.00000034
95 98 3 11643 2.00000034
118 98 3 4189 2.00000034
66 98 3 6951 2.00000034
79 98 3 4941 2.00000034
24 98 3 3112 2.00000034
38 98 3 753 2.00000034
82 98 3 5074 2.00000034
123 98 3 7493 2.00000034
121 98 3 6422 2.00000034
74 98 3 7421 2.00000034
19 98 3 61707 2.00000034
8 98 3 28560 2.00000034
13 98 3 6314 2.00000034
56 98 3 1760 2.00000034
38 98 3 15485 2.00000034
60 98 3 50204 2.00000034
36 98 3 23124 2.00000034
23 98 3 9283 2.00000034
88 98 3 22529 2.00000034
44 98 3 6467 2.00000034
23 98 3 2933 2.00000034
77 98 3 5839 2.00000034
78 98 3 2971 2.00000034
5 98 3 10089 2.00000034
90 98 3 4864 2.00000034
42 98 3 276 2.00000034
61 98 3 2775 2.00000034
99 98 3 7110 2.00000034
4 98 3 9486 2.00000034
47 98 3 4894 2.00000034
7 98 3 51566 2.00000034
68 98 3 42696 2.00000034
14 98 3 26232 2.00000034
22 98 3 4038 2.00000034
19 98 3 15007 2.00000034
69 98 3 632 2.00000034
85 98 3 4807 2.00000034
114 98 3 4050 2.00000034
8 98 3 2477 2.00000034
106 98 3 23490 2.00000034
72 98 3 4405 2.00000034
93 98 3 20397 2.00000034
89 98 3 137 2.00000034
101 98 3 7578 2.00000034
80 98 3 7548 2.00000034
112 98 3 13541 2.00000034
63 98 3 6328 2.00000034
119 98 3 7124 2.00000034
52 98 3 40031 2.00000034
36 98 3 61282 2.00000034
122 98 3 6983 2.00000034
106 98 3 6610 2.00000034
67 98 3 13401 2.00000034
101 98 3 3060 2.00000034
19 98 3 13647 2.00000034
109 98 3 1475 2.00000034
108 98 3 7556 2.00000034
75 98 3 11813 2.00000034
123 98 3 43170 2.00000034
16 98 3 6931 2.00000034
106 98 3 7762 2.00000034
41 98 3 3850 2.00000034
109 98 3 4549 2.00000034
4 98 3 6888 2.00000034
16 98 3 26383 2.00000034
5 98 3 5496 2.00000034
35 98 3 3842 2.00000034
68 98 3 7579 2.00000034
29 98 3 3738 2.00000034
100 98 3 5377 2.00000034
121 98 3 11735 2.00000034
76 98 3 1332 2.00000034
107 98 3 1526030 2.00000034
38 98 3 2710 2.00000034
40 98 3 479 2.00000034
38 98 3 2093 2.00000034
82 98 3 7882 2.00000034
54 98 3 6781 2.00000034
60 98 3 5546 2.00000034
65 98 3 1853 2.00000034
35 98 3 493 2.00000034
107 98 3 26999 2.00000034
50 98 3 7234 2.00000034
32 98 3 2087 2.00000034
93 98 3 7350 2.00000034
33 98 3 6269 2.00000034
24 98 3 7491 2.00000034
23 98 3 6911 2.00000034
5 98 3 7779 2.00000034
17 98 3 4062 2.00000034
82 98 3 27797 2.00000034
52 98 3 5388 2.00000034
76 98 3 697 2.00000034
34 98 3 27480 2.00000034
87 98 3 2270 2.00000034
52 98 3 8556 2.00000034
26 98 3 2093 2.00000034
14 98 3 6741 2.00000034
105 98 3 4822 2.00000034
55 98 3 2585 2.00000034
47 98 3 1545 2.00000034
18 98 3 470 2.00000034
3 98 3 6695 2.00000034
75 98 3 7252 2.00000034
125 98 3 14398 2.00000034
47 98 3 5267 2.00000034
110 98 3 4633 2.00000034
126 98 3 5159 2.00000034
67 98 3 13792 2.00000034
57 98 3 4265 2.00000034
43 98 3 7373 2.00000034
21 98 3 17595 2.00000034
55 98 3 32187 2.00000034
12 98 3 8437 2.00000034
67 98 3 2957 2.00000034
26 98 3 4385 2.00000034
59 98 3 6201 2.00000034
107 98 3 1618 2.00000034
126 98 3 5918 2.00000034
82 98 3 27518 2.00000034
29 98 3 5733 2.00000034
50 98 3 7832 2.00000034
66 98 3 62074 2.00000034
16 98 3 5855 2.00000034
119 98 3 4097 2.00000034
94 98 3 32586 2.00000034
7 98 3 9676 2.00000034
26 98 3 6508 2.00000034
86 98 3 7897 2.00000034
30 98 3 23623 2.00000034
96 98 3 7597 2.00000034
101 98 3 2203 2.00000034
74 98 3 3198 2.00000034
35 98 3 1897 2.00000034
39 98 3 7812 2.00000034
81 98 3 246 2.00000034
31 98 3 6333 2.00000034
16 98 3 5315 2.00000034
88 98 3 11377 2.00000034
53 98 3 7546 2.00000034
57 98 3 545 2.00000034
61 98 3 30576 2.00000034
25 98 3 5182 2.00000034
126 98 3 4928 2.00000034
38 98 3 981 2.00000034
83 98 3 56668 2.00000034
93 98 3 7318 2.00000034
121 98 3 7477 2.00000034
50 98 3 7190 2.00000034
71 98 3 5416 2.00000034
85 98 3 5364 2.00000034
106 98 3 321 2.00000034
47 98 3 3563 2.00000034
9 98 3 83221 2.00000034
67 98 3 6964 2.00000034
79 98 3 6105 2.00000034
69 98 3 7358 2.00000034
23 98 3 6035 2.00000034
48 98 3 6215 2.00000034
50 98 3 5141 2.00000034
65 98 3 6514 2.00000034
124 98 3 7084 2.00000034
10 98 3 6425 2.00000034
28 98 3 5371 2.00000034
67 98 3 4426 2.00000034
21 98 3 4075 2.00000034
99 98 3 5277 2.00000034
63 98 3 3985 2.00000034
56 98 3 7350 2.00000034
2 98 3 14744 2.00000034
76 98 3 4373 2.00000034
67 98 3 6834 2.00000034
121 98 3 8340 2.00000034
22 98 3 4499 2.00000034
104 98 3 63728 2.00000034
90 98 3 4741 2.00000034
21 98 3 5327 2.00000034
54 98 3 9519 2.00000034
101 98 3 2060 2.00000034
26 98 3 10026 2.00000034
92 98 3 12006 2.00000034
51 98 3 7505 2.00000034
60 98 3 22716 2.00000034
9 98 3 1273 2.00000034
111 98 3 5396 2.00000034
115 98 3 1324 2.00000034
14 98 3 405 2.00000034
81 98 3 5119 2.00000034
46 98 3 22555 2.00000034
123 98 3 2521 2.00000034
92 98 3 63597 2.00000034
14 98 3 4322 2.00000034
54 98 3 136 2.00000034
125 98 3 15029 2.00000034
20 98 3 31638 2.00000034
110 98 3 14015 2.00000034
62 98 3 256671 2.00000034
67 98 3 17676 2.00000034
112 98 3 7520 2.00000034
113 98 3 2026 2.00000034
118 98 3 9605 2.00000034
11 98 3 5970 2.00000034
41 98 3 7640 2.00000034
10 98 3 9998 2.00000034
120 98 3 6272 2.00000034
60 98 3 7465 2.00000034
99 98 3 12722 2.00000034
31 98 3 54864 2.00000034
123 98 3 6352 2.00000034
31 98 3 28934 2.00000034
125 98 3 27832 2.00000034
109 98 3 74074 2.00000034
90 98 3 5093 2.00000034
40 98 3 4366 2.00000034
90 98 3 4286 2.00000034
124 98 3 7808 2.00000034
62 98 3 23070 2.00000034
29 98 3 24145 2.00000034
1 98 3 7113 2.00000034
40 98 3 4116 2.00000034
123 98 3 19106 2.00000034
108 98 3 28574 2.00000034
48 98 3 2463 2.00000034
2 98 3 7725 2.00000034
74 98 3 5804 2.00000034
47 98 3 5541 2.00000034
14 98 3 23834 2.00000034
68 98 3 308 2.00000034
86 98 3 13580 2.00000034
111 98 3 5501 2.00000034
3 98 3 1845 2.00000034
92 98 3 9122 2.00000034
16 98 3 18968 2.00000034
84 98 3 54084 2.00000034
35 98 3 13570 2.00000034
14 98 3 538 2.00000034
85 98 3 2472 2.00000034
65 98 3 26911 2.00000034
116 98 3 4408 2.00000034
22 98 3 2121 2.00000034
36 98 3 7793 2.00000034
105 98 3 4079 2.00000034
34 98 3 6941 2.00000034
96 98 3 1692 2.00000034
95 98 3 3149 2.00000034
54 98 3 6680 2.00000034
12 98 3 1940 2.00000034
13 98 3 240 2.00000034
12 98 3 14980 2.00000034
8 98 3 10047 2.00000034
19 98 3 7263 2.00000034
34 98 3 32994 2.00000034
23 98 3 12449 2.00000034
7 98 3 5500 2.00000034
75 98 3 2969 2.00000034
93 98 3 4654 2.00000034
35 98 3 8005 2.00000034
10 98 3 6270 2.00000034
99 98 3 5744 2.00000034
71 98 3 2161 2.00000034
125 98 3 7569 2.00000034
30 98 3 2775 2.00000034
97 98 3 5656 2.00000034
1 98 3 4491 2.00000034
66 98 3 3813 2.00000034
44 98 3 6169 2.00000034
78 98 3 6621 2.00000034
9 98 3 7108 2.00000034
66 98 3 5614 2.00000034
40 98 3 37224 2.00000034
41 98 3 4691 2.00000034
53 98 3 18756 2.00000034
24 98 3 12180 2.00000034
99 98 3 5089 2.00000034
99 98 3 7174 2.00000034
118 98 3 25699 2.00000034
38 98 3 7640 2.00000034
43 98 3 37873 2.00000034
19 98 3 6429 2.00000034
80 98 3 5183 2.00000034
47 98 3 3313 2.00000034
51 98 3 5930 2.00000034
32 98 3 1142 2.00000034
110 98 3 2471 2.00000034
92 98 3 7747 2.00000034
44 98 3 7518 2.00000034
97 98 3 5912 2.00000034
69 98 3 6352 2.00000034
18 98 3 198638 2.00000034
124 98 3 4366 2.00000034
83 98 3 42490 2.00000034
26 98 3 6997 2.00000034
85 98 3 17957 2.00000034
118 98 3 5520 2.00000034
89 98 3 30759 2.00000034
122 98 3 4099 2.00000034
109 98 3 7867 2.00000034
52 98 3 10527 2.00000034
15 98 3 3746 2.00000034
52 98 3 6931 2.00000034
89 98 3 9829 2.00000034
105 98 3 12107 2.00000034
32 98 3 4144 2.00000034
113 98 3 7482 2.00000034
64 98 3 1859 2.00000034
55 98 3 4967 2.00000034
69 98 3 102821 2.00000034
69 98 3 14243 2.00000034
114 98 3 1443 2.00000034
48 98 3 1371 2.00000034
57 98 3 2160 2.00000034
95 98 3 7683 2.00000034
72 98 3 7722 2.00000034
115 98 3 7447 2.00000034
24 98 3 1178 2.00000034
72 98 3 90 2.00000034
58 98 3 5491 2.00000034
46 98 3 2374 2.00000034
6 98 3 6371 2.00000034
94 98 3 492 2.00000034
34 98 3 1767 2.00000034
90 98 3 416 2.00000034
101 98 3 5549 2.00000034
73 98 3 3310 2.00000034
60 98 3 3403 2.00000034
85 98 3 3010 2.00000034
77 98 3 2785 2.00000034
127 98 3 793 2.00000034
61 98 3 801 2.00000034
45 98 3 1637 2.00000034
116 98 3 1676 2.00000034
116 98 3 1735 2.00000034
89 98 3 256 2.00000034
12 98 3 1019 2.00000034
82 98 3 6147 2.00000034
9 98 3 10564 2.00000034
89 98 3 1336 2.00000034
21 98 3 1356 2.00000034
55 98 3 2796 2.00000034
90 98 3 3006 2.00000034
118 98 3 629 2.00000034
67 98 3 1663 2.00000034
78 98 3 972 2.00000034
92 98 3 106644 2.00000034
120 98 3 3686 2.00000034
5 98 3 3412 2.00000034
109 98 3 1502 2.00000034
21 98 3 451 2.00000034
120 98 3 130 2.00000034
12 98 3 1969 2.00000034
77 98 3 3989 2.00000034
35 98 3 2720 2.00000034
113 98 3 1887 2.00000034
69 98 3 412 2.00000034
62 98 3 690 2.00000034
122 98 3 2155 2.00000034
86 98 3 6395 2.00000034
37 98 3 1681 2.00000034
120 98 3 612 2.00000034
121 98 3 1763 2.00000034
113 98 3 105 2.00000034
79 98 3 1251 2.00000034
95 98 3 2486 2.00000034
91 98 3 2524 2.00000034
67 98 3 1575 2.00000034
91 98 3 3987 2.00000034
64 98 3 3377 2.00000034
106 98 3 2454 2.00000034
123 98 3 2064 2.00000034
124 98 3 3057 2.00000034
25 98 3 2965 2.00000034
66 98 3 2282 2.00000034
29 98 3 2708 2.00000034
47 98 3 3415 2.00000034
58 98 3 3498 2.00000034
58 98 3 2328 2.00000034
64 98 3 135 2.00000034
86 98 3 441 2.00000034
52 98 3 3172 2.00000034
109 98 3 2753 2.00000034
12 98 3 1283 2.00000034
63 98 3 58 2.00000034
43 98 3 208 2.00000034
106 98 3 3775 2.00000034
87 98 3 3258 2.00000034
115 98 3 4057 2.00000034
0 98 3 5959 2.00000034
5 98 3 6395 2.00000034
74 98 3 1389 2.00000034
110 98 3 2427 2.00000034
73 98 3 1621 2.00000034
74 98 3 779 2.00000034
67 98 3 3418 2.00000034
105 98 3 3493 2.00000034
33 98 3 1189 2.00000034
27 98 3 719 2.00000034
102 98 3 410 2.00000034
0 98 3 3195 2.00000034
71 98 3 215 2.00000034
38 98 3 1289 2.00000034
77 98 3 7623 2.00000034
90 98 3 6798 2.00000034
51 98 3 2760 2.00000034
4 98 3 2747 2.00000034
70 98 3 2002 2.00000034
36 98 3 5066 2.00000034
104 98 3 1225 2.00000034
27 98 3 1705 2.00000034
117 98 3 3638 2.00000034
70 98 3 5044 2.00000034
116 98 3 1391 2.00000034
82 98 3 655 2.00000034
102 98 3 5724 2.00000034
103 98 3 4609 2.00000034
54 98 3 4290 2.00000034
70 98 3 830 2.00000034
70 98 3 165 2.00000034
3 98 3 522 2.00000034
104 98 3 1073 2.00000034
100 98 3 6117 2.00000034
58 98 3 3110 2.00000034
45 98 3 3070 2.00000034
124 98 3 3766 2.00000034
52 98 3 678 2.00000034
48 98 3 1790 2.00000034
22 98 3 1467 2.00000034
65 98 3 3774 2.00000034
102 98 3 992 2.00000034
69 98 3 4181 2.00000034
12 98 3 714 2.00000034
32 98 3 1730 2.00000034
18 98 3 3619 2.00000034
23 98 3 3834 2.00000034
99 98 3 4036 2.00000034
92 98 3 5871 2.00000034
76 98 3 5755 2.00000034
109 98 3 155 2.00000034
66 98 3 4060 2.00000034
125 98 3 2637 2.00000034
64 98 3 429 2.00000034
109 98 3 3300 2.00000034
34 98 3 1144 2.00000034
55 98 3 7275 2.00000034
126 98 3 1273 2.00000034
106 98 3 1820 2.00000034
17 98 3 6590 2.00000034
108 98 3 1228 2.00000034
12 98 3 3443 2.00000034
62 98 3 1223 2.00000034
31 98 3 2666 2.00000034
16 98 3 2841 2.00000034
37 98 3 91 2.00000034
22 98 3 1922 2.00000034
59 98 3 1017 2.00000034
42 98 3 4160 2.00000034
77 98 3 706 2.00000034
6 98 3 5167 2.00000034
25 98 3 207 2.00000034
77 98 3 3689 2.00000034
19 98 3 6958 2.00000034
42 98 3 2037 2.00000034
106 98 3 2924 2.00000034
77 98 3 3683 2.00000034
120 98 3 421 2.00000034
40 98 3 174 2.00000034
1 98 3 1832 2.00000034
76 98 3 1094 2.00000034
89 98 3 3949 2.00000034
119 98 3 2016 2.00000034
1 98 3 4747 2.00000034
48 98 3 2144 2.00000034
78 98 3 1552 2.00000034
71 98 3 1660 2.00000034
4 98 3 3855 2.00000034
94 98 3 4733 2.00000034
85 98 3 3423 2.00000034
24 98 3 1226 2.00000034
71 98 3 3834 2.00000034
79 98 3 2687 2.00000034
77 98 3 393 2.00000034
39 98 3 6226 2.00000034
88 98 3 5082 2.00000034
43 98 3 2006 2.00000034
109 98 3 6356 2.00000034
74 98 3 3375 2.00000034
105 98 3 1739 2.00000034
46 98 3 1722 2.00000034
72 98 3 4203 2.00000034
112 98 3 3785 2.00000034
39 98 3 5511 2.00000034
14 98 3 3499 2.00000034
6 98 3 3890 2.00000034
106 98 3 7409 2.00000034
125 98 3 5322 2.00000034
86 98 3 3235 2.00000034
33 98 3 661 2.00000034
4 98 3 2212 2.00000034
45 98 3 1064 2.00000034
8 98 3 7142 2.00000034
116 98 3 2023 2.00000034
22 98 3 1989 2.00000034
73 98 3 1147 2.00000034
37 98 3 2415 2.00000034
53 98 3 3745 2.00000034
52 98 3 2700 2.00000034
80 98 3 4691 2.00000034
90 98 3 801 2.00000034
28 98 3 687 2.00000034
43 98 3 7856 2.00000034
21 98 3 3426 2.00000034
118 98 3 5734 2.00000034
112 98 3 2833 2.00000034
62 98 3 780 2.00000034
126 98 3 4410 2.00000034
17 98 3 6825 2.00000034
7 98 3 5798 2.00000034
34 98 3 5595 2.00000034
59 98 3 6818 2.00000034
62 98 3 16361 2.00000034
72 98 3 2897 2.00000034
50 98 3 5022 2.00000034
60 98 3 1810 2.00000034
1 98 3 348 2.00000034
2 98 3 1581 2.00000034
119 98 3 3833 2.00000034
74 98 3 7091 2.00000034
49 98 3 2208 2.00000034
108 98 3 1313 2.00000034
66 98 3 1383 2.00000034
70 98 3 1623 2.00000034
70 98 3 834 2.00000034
24 98 3 504 2.00000034
16 98 3 3509 2.00000034
109 98 3 7838 2.00000034
117 98 3 681 2.00000034
37 98 3 3577 2.00000034
22 98 3 2328 2.00000034
57 98 3 6929 2.00000034
47 98 3 3159 2.00000034
10 98 3 116 2.00000034
6 98 3 4747 2.00000034
21 98 3 1126 2.00000034
70 98 3 2087 2.00000034
120 98 3 751 2.00000034
65 98 3 4483 2.00000034
22 98 3 57 2.00000034
22 98 3 996 2.00000034
92 98 3 206 2.00000034
55 98 3 4782 2.00000034
94 98 3 6550 2.00000034
40 98 3 4394 2.00000034
59 98 3 32 2.00000034
73 98 3 7482 2.00000034
21 98 3 3371 2.00000034
113 98 3 1439 2.00000034
106 98 3 267 2.00000034
101 98 3 7814 2.00000034
125 98 3 4439 2.00000034
58 98 3 1932 2.00000034
7 98 3 1552 2.00000034
11 98 3 1117 2.00000034
107 98 3 7340 2.00000034
88 98 3 5507 2.00000034
126 98 3 4984 2.00000034
115 98 3 7233 2.00000034
46 98 3 1145 2.00000034
56 98 3 4726 2.00000034
115 98 3 5028 2.00000034
106 98 3 3407 2.00000034
123 98 3 1741 2.00000034
38 98 3 1312 2.00000034
82 98 3 3468 2.00000034
57 98 3 4043 2.00000034
5 98 3 5533 2.00000034
34 98 3 5166 2.00000034
42 98 3 3090 2.00000034
60 98 3 3079 2.00000034
50 98 3 1999 2.00000034
123 98 3 5512 2.00000034
0 98 3 6625 2.00000034
64 98 3 1193 2.00000034
45 98 3 3216 2.00000034
58 98 3 517 2.00000034
27 98 3 5504 2.00000034
87 98 3 83 2.00000034
27 98 3 849 2.00000034
31 98 3 5534 2.00000034
0 98 3 812 2.00000034
104 98 3 2790 2.00000034
102 98 3 2902 2.00000034
125 98 3 5723 2.00000034
116 98 3 1847 2.00000034
37 98 3 1373 2.00000034
13 98 3 5560 2.00000034
126 98 3 744 2.00000034
58 98 3 1083 2.00000034
4 98 3 5820 2.00000034
6 98 3 1231 2.00000034
10 98 3 4529 2.00000034
2 98 3 4366 2.00000034
105 98 3 888 2.00000034
75 98 3 2767 2.00000034
104 98 3 3266 2.00000034
6 98 3 12140 2.00000034
18 98 3 3579 2.00000034
113 98 3 4721 2.00000034
45 98 3 843 2.00000034
123 98 3 1267 2.00000034
57 98 3 2657 2.00000034
24 98 3 2848 2.00000034
30 98 3 3458 2.00000034
54 98 3 4274 2.00000034
26 98 3 5378 2.00000034
28 98 3 4441 2.00000034
75 98 3 1630 2.00000034
44 98 3 1573 2.00000034
78 98 3 1734 2.00000034
34 98 3 3250 2.00000034
91 98 3 5911 2.00000034
126 98 3 10966 2.00000034
109 98 3 7745 2.00000034
13 98 3 7915 2.00000034
33 98 3 97 2.00000034
84 98 3 3342 2.00000034
119 98 3 185 2.00000034
71 98 3 5283 2.00000034
105 98 3 1320 2.00000034
4 98 3 7790 2.00000034
77 98 3 22456 2.00000034
81 98 3 1731 2.00000034
37 98 3 8632 2.00000034
94 98 3 3595 2.00000034
0 98 3 5521 2.00000034
10 98 3 4891 2.00000034
97 98 3 4720 2.00000034
106 98 3 3574 2.00000034
35 98 3 4957 2.00000034
102 98 3 7068 2.00000034
20 98 3 5004 2.00000034
30 98 3 3271 2.00000034
39 98 3 5250 2.00000034
78 98 3 5053 2.00000034
51 98 3 5529 2.00000034
21 98 3 7723 2.00000034
110 98 3 22241 2.00000034
58 98 3 2623 2.00000034
24 98 3 606 2.00000034
105 98 3 7885 2.00000034
56 98 3 88 2.00000034
13 98 3 5120 2.00000034
54 98 3 3755 2.00000034
106 98 3 4544 2.00000034
50 98 3 7288 2.00000034
35 98 3 7862 2.00000034
8 98 3 4895 2.00000034
11 98 3 2149 2.00000034
86 98 3 3285 2.00000034
54 98 3 7053 2.00000034
116 98 3 2640 2.00000034
38 98 3 6631 2.00000034
3 98 3 2220 2.00000034
33 98 3 3119 2.00000034
2 98 3 7131 2.00000034
88 98 3 3984 2.00000034
44 98 3 8891 2.00000034
111 98 3 5753 2.00000034
9 98 3 5642 2.00000034
122 98 3 7715 2.00000034
41 98 3 2074 2.00000034
39 98 3 5396 2.00000034
59 98 3 14302 2.00000034
19 98 3 4560 2.00000034
96 98 3 5511 2.00000034
33 98 3 7751 2.00000034
7 98 3 3063 2.00000034
69 98 3 3546 2.00000034
68 98 3 1743 2.00000034
74 98 3 1927 2.00000034
92 98 3 4219 2.00000034
67 98 3 7097 2.00000034
117 98 3 4862 2.00000034
38 98 3 4426 2.00000034
35 98 3 897 2.00000034
58 98 3 2322 2.00000034
124 98 3 3721 2.00000034
9 98 3 2857 2.00000034
101 98 3 1476 2.00000034
5 98 3 7602 2.00000034
122 98 3 3035 2.00000034
51 98 3 7674 2.00000034
14 98 3 1460 2.00000034
88 98 3 1811 2.00000034
11 98 3 5900 2.00000034
69 98 3 1975 2.00000034
9 98 3 2643 2.00000034
110 98 3 2639 2.00000034
7 98 3 6562 2.00000034
122 98 3 6772 2.00000034
65 98 3 2875 2.00000034
94 98 3 718 2.00000034
84 98 3 3647 2.00000034
126 98 3 2597 2.00000034
114 98 3 2889 2.00000034
105 98 3 3262 2.00000034
82 98 3 222 2.00000034
23 98 3 1240 2.00000034
12 98 3 1177 2.00000034
0 98 3 5891 2.00000034
99 98 3 2577 2.00000034
77 98 3 2521 2.00000034
48 98 3 4866 2.00000034
92 98 3 770 2.00000034
96 98 3 1846 2.00000034
46 98 3 6941 2.00000034
95 98 3 2634 2.00000034
66 98 3 6723 2.00000034
78 98 3 15543 2.00000034
62 98 3 26 2.00000034
25 98 3 5127 2.00000034
45 98 3 392 2.00000034
38 98 3 838 2.00000034
26 98 3 7119 2.00000034
36 98 3 3655 2.00000034
8 98 3 6722 2.00000034
93 98 3 4489 2.00000034
53 98 3 3385 2.00000034
72 98 3 3831 2.00000034
63 98 3 4416 2.00000034
3 98 3 2356 2.00000034
99 98 3 12458 2.00000034
37 98 3 4833 2.00000034
71 98 3 5857 2.00000034
79 98 3 111 2.00000034
87 98 3 3124 2.00000034
66 98 3 6519 2.00000034
24 98 3 3374 2.00000034
97 98 3 2852 2.00000034
57 98 3 14923 2.00000034
84 98 3 2430 2.00000034
126 98 3 1385 2.00000034
1 98 3 7926 2.00000034
41 98 3 89 2.00000034
58 98 3 5945 2.00000034
26 98 3 4168 2.00000034
88 98 3 3894 2.00000034
121 98 3 4982 2.00000034
111 98 3 1918 2.00000034
44 98 3 1068 2.00000034
64 98 3 7032 2.00000034
81 98 3 3989 2.00000034
119 98 3 6100 2.00000034
122 98 3 3239 2.00000034
38 98 3 6393 2.00000034
21 98 3 2735 2.00000034
75 98 3 5833 2.00000034
118 98 3 4651 2.00000034
88 98 3 1779 2.00000034
87 98 3 14822 2.00000034
52 98 3 7536 2.00000034
110 98 3 5306 2.00000034
24 98 3 4649 2.00000034
0 98 3 1169 2.00000034
106 98 3 52 2.00000034
37 98 3 4333 2.00000034
29 98 3 4157 2.00000034
21 98 3 6540 2.00000034
23 98 3 7426 2.00000034
6 98 3 2371 2.00000034
30 98 3 3100 2.00000034
54 98 3 1751 2.00000034
105 98 3 2838 2.00000034
45 98 3 794 2.00000034
80 98 3 5511 2.00000034
24 98 3 5670 2.00000034
47 98 3 7048 2.00000034
13 98 3 5941 2.00000034
48 98 3 20447 2.00000034
41 98 3 6340 2.00000034
32 98 3 4668 2.00000034
124 98 3 4813 2.00000034
6 98 3 10193 2.00000034
117 98 3 7185 2.00000034
30 98 3 6883 2.00000034
116 98 3 5785 2.00000034
76 98 3 3612 2.00000034
57 98 3 6735 2.00000034
67 98 3 2739 2.00000034
114 98 3 18039 2.00000034
121 98 3 7955 2.00000034
88 98 3 360 2.00000034
26 98 3 1480 2.00000034
79 98 3 2748 2.00000034
120 98 3 4589 2.00000034
55 98 3 5884 2.00000034
114 98 3 7817 2.00000034
122 98 3 3443 2.00000034
107 98 3 600 2.00000034
123 98 3 19 2.00000034
109 98 3 6404 2.00000034
59 98 3 7075 2.00000034
9 98 3 11358 2.00000034
127 98 3 2168 2.00000034
6 98 3 4557 2.00000034
71 98 3 1608 2.00000034
42 98 3 232 2.00000034
96 98 3 2186 2.00000034
92 98 3 3269 2.00000034
64 98 3 1030 2.00000034
86 98 3 2404 2.00000034
90 98 3 4364 2.00000034
124 98 3 1978 2.00000034
33 98 3 907 2.00000034
41 98 3 2948 2.00000034
13 98 3 2490 2.00000034
95 98 3 10862 2.00000034
1 98 3 374 2.00000034
91 98 3 4818 2.00000034
122 98 3 7323 2.00000034
72 98 3 2089 2.00000034
99 98 3 2028 2.00000034
95 98 3 1386 2.00000034
64 98 3 7025 2.00000034
119 98 3 6640 2.00000034
101 98 3 1464 2.00000034
103 98 3 7902 2.00000034
35 98 3 3246 2.00000034
81 98 3 5433 2.00000034
124 98 3 7207 2.00000034
52 98 3 5786 2.00000034
84 98 3 5083 2.00000034
84 98 3 6369 2.00000034
55 98 3 4887 2.00000034
109 98 3 411 2.00000034
122 98 3 378 2.00000034
3 98 3 6624 2.00000034
115 98 3 703 2.00000034
53 98 3 2304 2.00000034
62 98 3 7416 2.00000034
54 98 3 4327 2.00000034
7 98 3 5386 2.00000034
14 98 3 929 2.00000034
34 98 3 3917 2.00000034
0 98 3 6703 2.00000034
97 98 3 1916 2.00000034
110 98 3 3289 2.00000034
81 98 3 6289 2.00000034
121 98 3 4964 2.00000034
101 98 3 2263 2.00000034
57 98 3 2485 2.00000034
32 98 3 1320 2.00000034
5 98 3 2130 2.00000034
70 98 3 544 2.00000034
118 98 3 7901 2.00000034
56 98 3 2818 2.00000034
39 98 3 1288 2.00000034
10 98 3 1609 2.00000034
96 98 3 3690 2.00000034
58 98 3 910 2.00000034
106 98 3 31602 2.00000034
49 98 3 6228 2.00000034
99 98 3 3911 2.00000034
29 98 3 7536 2.00000034
81 98 3 689 2.00000034
34 98 3 28262 2.00000034
117 98 3 7248 2.00000034
66 98 3 6313 2.00000034
95 98 3 5919 2.00000034
99 98 3 4053 2.00000034
119 98 3 2713 2.00000034
88 98 3 24196 2.00000034
54 98 3 2971 2.00000034
25 98 3 7769 2.00000034
33 98 3 2907 2.00000034
76 98 3 6407 2.00000034
47 98 3 4683 2.00000034
24 98 3 7870 2.00000034
24 98 3 7546 2.00000034
49 98 3 7929 2.00000034
28 98 3 7688 2.00000034
7 98 3 217 2.00000034
2 98 3 4836 2.00000034
67 98 3 730 2.00000034
41 98 3 11221 2.00000034
43 98 3 3153 2.00000034
101 98 3 4594 2.00000034
23 98 3 3152 2.00000034
9 98 3 1221 2.00000034
113 98 3 1721 2.00000034
64 98 3 8657 2.00000034
102 98 3 567 2.00000034
41 98 3 2858 2.00000034
102 98 3 2040 2.00000034
5 98 3 848 2.00000034
83 98 3 924 2.00000034
51 98 3 2368 2.00000034
20 98 3 644 2.00000034
96 98 3 6970 2.00000034
83 98 3 1984 2.00000034
69 98 3 7529 2.00000034
110 98 3 2830 2.00000034
32 98 3 6453 2.00000034
43 98 3 1474 2.00000034
108 98 3 2092 2.00000034
102 98 3 300 2.00000034
113 98 3 3410 2.00000034
84 98 3 5314 2.00000034
94 98 3 4546 2.00000034
92 98 3 6747 2.00000034
120 98 3 7743 2.00000034
95 98 3 3412 2.00000034
97 98 3 6628 2.00000034
29 98 3 2927 2.00000034
88 98 3 4576 2.00000034
108 98 3 4587 2.00000034
9 98 3 4729 2.00000034
24 98 3 2724 2.00000034
10 98 3 2418 2.00000034
118 98 3 4135 2.00000034
5 98 3 8626 2.00000034
12 98 3 2248 2.00000034
40 98 3 7013 2.00000034
25 98 3 4002 2.00000034
48 98 3 926 2.00000034
8 98 3 6553 2.00000034
79 98 3 1199 2.00000034
113 98 3 7198 2.00000034
97 98 3 2383 2.00000034
126 98 3 129 2.00000034
37 98 3 4460 2.00000034
78 98 3 6952 2.00000034
115 98 3 330 2.00000034
35 98 3 2532 2.00000034
17 98 3 3054 2.00000034
33 98 3 5689 2.00000034
19 98 3 4650 2.00000034
58 98 3 13760 2.00000034
44 98 3 3630 2.00000034
27 98 3 6366 2.00000034
108 98 3 14247 2.00000034
14 98 3 13357 2.00000034
5 98 3 7147 2.00000034
7 98 3 4697 2.00000034
85 98 3 2199 2.00000034
103 98 3 2392 2.00000034
125 98 3 5284 2.00000034
18 98 3 6207 2.00000034
94 98 3 7879 2.00000034
96 98 3 693 2.00000034
91 98 3 2131 2.00000034
41 98 3 5956 2.00000034
108 98 3 27285 2.00000034
41 98 3 3805 2.00000034
111 98 3 750 2.00000034
94 98 3 1613 2.00000034
96 98 3 854 2.00000034
84 98 3 1942 2.00000034
0 98 3 3173 2.00000034
48 98 3 4070 2.00000034
89 98 3 3561 2.00000034
18 98 3 785 2.00000034
111 98 3 3121 2.00000034
2 98 3 980 2.00000034
100 98 3 932 2.00000034
86 98 3 1490 2.00000034
66 98 3 300 2.00000034
64 98 3 101 2.00000034
121 98 3 4718 2.00000034
29 98 3 17523 2.00000034
126 98 3 2015 2.00000034
20 98 3 7115 2.00000034
127 98 3 16951 2.00000034
30 98 3 3540 2.00000034
13 98 3 5134 2.00000034
67 98 3 5199 2.00000034
63 98 3 310 2.00000034
2 98 3 2855 2.00000034
127 98 3 2256 2.00000034
21 98 3 6228 2.00000034
45 98 3 3019 2.00000034
37 98 3 3250 2.00000034
41 98 3 4531 2.00000034
105 98 3 4027 2.00000034
109 98 3 516 2.00000034
104 98 3 1990 2.00000034
16 98 3 1763 2.00000034
116 98 3 6663 2.00000034
33 98 3 4364 2.00000034
91 98 3 7951 2.00000034
81 98 3 2924 2.00000034
14 98 3 2686 2.00000034
10 98 3 5159 2.00000034
122 98 3 8435 2.00000034
121 98 3 17505 2.00000034
44 98 3 3183 2.00000034
79 98 3 4016 2.00000034
81 98 3 2842 2.00000034
121 98 3 5520 2.00000034
86 98 3 6669 2.00000034
3 98 3 8195 2.00000034
118 98 3 3550 2.00000034
102 98 3 3337 2.00000034
23 98 3 7623 2.00000034
36 98 3 7825 2.00000034
14 98 3 3735 2.00000034
7 98 3 4067 2.00000034
6 98 3 15335 2.00000034
19 98 3 7556 2.00000034
93 98 3 1425 2.00000034
41 98 3 11793 2.00000034
124 98 3 2396 2.00000034
29 98 3 3235 2.00000034
47 98 3 19909 2.00000034
40 98 3 3120 2.00000034
125 98 3 4942 2.00000034
97 98 3 49927 2.00000034
2 98 3 7755 2.00000034
83 98 3 7468 2.00000034
81 98 3 1251 2.00000034
58 98 3 7337 2.00000034
56 98 3 4327 2.00000034
8 98 3 18257 2.00000034
106 98 3 4953 2.00000034
107 98 3 6971 2.00000034
68 98 3 285 2.00000034
23 98 3 6736 2.00000034
68 98 3 556 2.00000034
81 98 3 4588 2.00000034
41 98 3 583 2.00000034
30 98 3 13227 2.00000034
46 98 3 5057 2.00000034
58 98 3 2673 2.00000034
11 98 3 4262 2.00000034
27 98 3 3474 2.00000034
77 98 3 71640 2.00000034
83 98 3 4090 2.00000034
106 98 3 15902 2.00000034
29 98 3 2078 2.00000034
13 98 3 5768 2.00000034
30 98 3 5453 2.00000034
81 98 3 3211 2.00000034
77 98 3 3504 2.00000034
63 98 3 2787 2.00000034
75 98 3 3879 2.00000034
101 98 3 13152 2.00000034
48 98 3 4439 2.00000034
90 98 3 5256 2.00000034
30 98 3 2025 2.00000034
56 98 3 6525 2.00000034
21 98 3 1986 2.00000034
28 98 3 5918 2.00000034
54 98 3 7394 2.00000034
36 98 3 2347 2.00000034
106 98 3 3813 2.00000034
119 98 3 2135 2.00000034
45 98 3 7694 2.00000034
115 98 3 9012 2.00000034
61 98 3 6912 2.00000034
72 98 3 941 2.00000034
100 98 3 8152 2.00000034
126 98 3 7940 2.00000034
30 98 3 1728 2.00000034
92 98 3 372 2.00000034
106 98 3 250 2.00000034
115 98 3 5823 2.00000034
36 98 3 6445 2.00000034
35 98 3 4661 2.00000034
110 98 3 7831 2.00000034
65 98 3 4936 2.00000034
50 98 3 2471 2.00000034
54 98 3 1524 2.00000034
115 98 3 4014 2.00000034
107 98 3 4155 2.00000034
123 98 3 3813 2.00000034
120 98 3 5053 2.00000034
26 98 3 1953 2.00000034
102 98 3 13193 2.00000034
24 98 3 12476 2.00000034
122 98 3 4473 2.00000034
10 98 3 1090 2.00000034
82 98 3 19468 2.00000034
88 98 3 11460 2.00000034
46 98 3 2618 2.00000034
85 98 3 2321 2.00000034
23 98 3 10544 2.00000034
35 98 3 4237 2.00000034
14 98 3 3239 2.00000034
92 98 3 678 2.00000034
104 98 3 2860 2.00000034
107 98 3 5128 2.00000034
57 98 3 5624 2.00000034
102 98 3 1975 2.00000034
86 98 3 4331 2.00000034
83 98 3 11839 2.00000034
78 98 3 3335 2.00000034
103 98 3 5040 2.00000034
76 98 3 5023 2.00000034
119 98 3 3893 2.00000034
49 98 3 1213 2.00000034
43 98 3 6218 2.00000034
11 98 3 15437 2.00000034
61 98 3 1178 2.00000034
66 98 3 3966 2.00000034
52 98 3 6804 2.00000034
4 98 3 7419 2.00000034
93 98 3 294 2.00000034
108 98 3 6579 2.00000034
58 98 3 690 2.00000034
94 98 3 4665 2.00000034
32 98 3 3961 2.00000034
24 98 3 2770 2.00000034
77 98 3 5767 2.00000034
102 98 3 4326 2.00000034
70 98 3 2234 2.00000034
18 98 3 2512 2.00000034
19 98 3 3079 2.00000034
117 98 3 6869 2.00000034
26 98 3 4416 2.00000034
94 98 3 700 2.00000034
27 98 3 1032 2.00000034
40 98 3 5035 2.00000034
109 98 3 529 2.00000034
124 98 3 19 2.00000034
122 98 3 6361 2.00000034
59 98 3 607 2.00000034
49 98 3 5345 2.00000034
53 98 3 2569 2.00000034
116 98 3 4233 2.00000034
56 98 3 5730 2.00000034
23 98 3 11038 2.00000034
74 98 3 386 2.00000034
116 98 3 4843 2.00000034
121 98 3 13029 2.00000034
87 98 3 2611 2.00000034
111 98 3 5179 2.00000034
62 98 3 6944 2.00000034
28 98 3 2127 2.00000034
64 98 3 3169 2.00000034
65 98 3 7442 2.00000034
40 98 3 5226 2.00000034
72 98 3 4682 2.00000034
64 98 3 73 2.00000034
112 98 3 2592 2.00000034
7 98 3 12071 2.00000034
70 98 3 6393 2.00000034
11 98 3 2461 2.00000034
26 98 3 6425 2.00000034
66 98 3 6608 2.00000034
94 98 3 6093 2.00000034
5 98 3 3563 2.00000034
3 98 3 915 2.00000034
127 98 3 6586 2.00000034
63 98 3 61226 2.00000034
54 98 3 5741 2.00000034
4 98 3 10187 2.00000034
61 98 3 5377 2.00000034
30 98 3 6287 2.00000034
33 98 3 1704 2.00000034
90 98 3 20734 2.00000034
52 98 3 3174 2.00000034
25 98 3 4405 2.00000034
90 98 3 7506 2.00000034
68 98 3 2851 2.00000034
103 98 3 7989 2.00000034
65 98 3 25794 2.00000034
97 98 3 6452 2.00000034
24 98 3 3549 2.00000034
107 98 3 5031 2.00000034
58 98 3 1837 2.00000034
106 98 3 4066 2.00000034
102 98 3 2535 2.00000034
121 98 3 15710 2.00000034
113 98 3 2102 2.00000034
35 98 3 2801 2.00000034
94 98 3 1695 2.00000034
46 98 3 1083 2.00000034
53 98 3 2557 2.00000034
26 98 3 3770 2.00000034
89 98 3 2703 2.00000034
55 98 3 7480 2.00000034
67 98 3 2269 2.00000034
96 98 3 126 2.00000034
93 98 3 4338 2.00000034
58 98 3 242 2.00000034
63 98 3 6470 2.00000034
96 98 3 4918 2.00000034
103 98 3 964 2.00000034
88 98 3 3952 2.00000034
33 98 3 5999 2.00000034
2 98 3 6280 2.00000034
32 98 3 13322 2.00000034
109 98 3 585 2.00000034
30 98 3 1836 2.00000034
41 98 3 715 2.00000034
5 98 3 5515 2.00000034
76 98 3 1144 2.00000034
123 98 3 17272 2.00000034
53 98 3 6438 2.00000034
1 98 3 2488 2.00000034
73 98 3 17692 2.00000034
20 98 3 10579 2.00000034
57 98 3 5775 2.00000034
48 98 3 2073 2.00000034
95 98 3 1010 2.00000034
127 98 3 2431 2.00000034
58 98 3 25701 2.00000034
69 98 3 14707 2.00000034
118 98 3 6955 2.00000034
116 98 3 1222 2.00000034
80 98 3 575 2.00000034
59 98 3 5757 2.00000034
123 98 3 4952 2.00000034
60 98 3 1042 2.00000034
93 98 3 7000 2.00000034
69 98 3 3571 2.00000034
79 98 3 14513 2.00000034
44 98 3 2057 2.00000034
97 98 3 24301 2.00000034
28 98 3 5395 2.00000034
76 98 3 2774 2.00000034
60 98 3 7163 2.00000034
57 98 3 1600 2.00000034
82 98 3 4168 2.00000034
99 98 3 6928 2.00000034
22 98 3 4275 2.00000034
95 98 3 6956 2.00000034
27 98 3 5304 2.00000034
64 98 3 1865 2.00000034
79 98 3 2050 2.00000034
109 98 3 6290 2.00000034
46 98 3 28847 2.00000034
31 98 3 1359 2.00000034
104 98 3 758 2.00000034
2 98 3 756 2.00000034
52 98 3 1024 2.00000034
100 98 3 4550 2.00000034
102 98 3 5457 2.00000034
24 98 3 971 2.00000034
35 98 3 2496 2.00000034
94 98 3 1663 2.00000034
99 98 3 6050 2.00000034
87 98 3 472 2.00000034
59 98 3 7723 2.00000034
32 98 3 12204 2.00000034
10 98 3 4074 2.00000034
47 98 3 1739 2.00000034
90 98 3 351 2.00000034
37 98 3 6541 2.00000034
6 98 3 6459 2.00000034
86 98 3 1001 2.00000034
97 98 3 4100 2.00000034
78 98 3 13545 2.00000034
55 98 3 5449 2.00000034
100 98 3 167 2.00000034
37 98 3 5709 2.00000034
110 98 3 6897 2.00000034
112 98 3 278 2.00000034
117 98 3 3386 2.00000034
33 98 3 50 2.00000034
100 98 3 3374 2.00000034
64 98 3 2832 2.00000034
82 98 3 230 2.00000034
111 98 3 5913 2.00000034
107 98 3 76 2.00000034
78 98 3 5565 2.00000034
52 98 3 4012 2.00000034
59 98 3 5544 2.00000034
80 98 3 1332 2.00000034
37 98 3 5152 2.00000034
45 98 3 5682 2.00000034
56 98 3 2430 2.00000034
37 98 3 7751 2.00000034
92 98 3 4244 2.00000034
83 98 3 7972 2.00000034
116 98 3 2238 2.00000034
105 98 3 6633 2.00000034
1 98 3 7686 2.00000034
7 98 3 6732 2.00000034
82 98 3 13248 2.00000034
108 98 3 3308 2.00000034
106 98 3 215 2.00000034
104 98 3 2559 2.00000034
82 98 3 6621 2.00000034
52 98 3 5488 2.00000034
18 98 3 3587 2.00000034
29 98 3 418 2.00000034
103 98 3 5654 2.00000034
85 98 3 10765 2.00000034
118 98 3 1504 2.00000034
79 98 3 644 2.00000034
8 98 3 28230 2.00000034
113 98 3 1462 2.00000034
31 98 3 2092 2.00000034
49 98 3 513 2.00000034
24 98 3 7812 2.00000034
55 98 3 1604 2.00000034
20 98 3 5734 2.00000034
57 98 3 1916 2.00000034
28 98 3 2454 2.00000034
0 98 3 6272 2.00000034
69 98 3 6049 2.00000034
108 98 3 1385 2.00000034
85 98 3 987 2.00000034
97 98 3 12431 2.00000034
71 98 3 2629 2.00000034
86 98 3 5857 2.00000034
46 98 3 4418 2.00000034
2 98 3 2324 2.00000034
40 98 3 4835 2.00000034
108 98 3 4181 2.00000034
55 98 3 4292 2.00000034
26 98 3 5435 2.00000034
19 98 3 1939 2.00000034
1 98 3 7338 2.00000034
124 98 3 3564 2.00000034
9 98 3 6765 2.00000034
114 98 3 7452 2.00000034
118 98 3 12423 2.00000034
44 98 3 385 2.00000034
61 98 3 6209 2.00000034
40 98 3 6293 2.00000034
95 98 3 5745 2.00000034
35 98 3 835 2.00000034
0 98 3 4551 2.00000034
44 98 3 510 2.00000034
58 98 3 3732 2.00000034
19 98 3 1340 2.00000034
124 98 3 2980 2.00000034
24 98 3 5890 2.00000034
3 98 3 2044 2.00000034
43 98 3 5860 2.00000034
17 98 3 5715 2.00000034
22 98 3 4093 2.00000034
27 98 3 1848 2.00000034
91 98 3 3212 2.00000034
63 98 3 2452 2.00000034
44 98 3 24803 2.00000034
60 98 3 817 2.00000034
72 98 3 1645 2.00000034
38 98 3 1485 2.00000034
10 98 3 1644 2.00000034
32 98 3 5119 2.00000034
108 98 3 1948 2.00000034
41 98 3 36 2.00000034
111 98 3 31144 2.00000034
76 98 3 11560 2.00000034
1 98 3 7621 2.00000034
100 98 3 2151 2.00000034
4 98 3 2168 2.00000034
9 98 3 6087 2.00000034
121 98 3 4738 2.00000034
53 98 3 5458 2.00000034
119 98 3 5735 2.00000034
124 98 3 17222 2.00000034
48 98 3 15522 2.00000034
109 98 3 3375 2.00000034
118 98 3 138 2.00000034
50 98 3 5430 2.00000034
75 98 3 4631 2.00000034
59 98 3 453 2.00000034
91 98 3 3788 2.00000034
57 98 3 4960 2.00000034
70 98 3 367 2.00000034
108 98 3 69 2.00000034
127 98 3 1000 2.00000034
114 98 3 8 2.00000034
118 98 3 3734 2.00000034
16 98 3 58545 2.00000034
111 98 3 269 2.00000034
5 98 3 3379 2.00000034
117 98 3 983 2.00000034
91 98 3 7349 2.00000034
109 98 3 4334 2.00000034
34 98 3 6039 2.00000034
26 98 3 5367 2.00000034
59 98 3 6181 2.00000034
90 98 3 4412 2.00000034
118 98 3 2012 2.00000034
57 98 3 2038 2.00000034
75 98 3 1439 2.00000034
27 98 3 7364 2.00000034
18 98 3 2341 2.00000034
97 98 3 2265 2.00000034
107 98 3 3733 2.00000034
100 98 3 466 2.00000034
60 98 3 4960 2.00000034
30 98 3 24907 2.00000034
11 98 3 34248 2.00000034
61 98 3 7786 2.00000034
57 98 3 5118 2.00000034
127 98 3 1074 2.00000034
122 98 3 3784 2.00000034
92 98 3 4994 2.00000034
68 98 3 3353 2.00000034
91 98 3 273 2.00000034
44 98 3 5121 2.00000034
69 98 3 3649 2.00000034
113 98 3 52338 2.00000034
94 98 3 6247 2.00000034
18 98 3 7306 2.00000034
127 98 3 20534 2.00000034
35 98 3 4188 2.00000034
88 98 3 2407 2.00000034
108 98 3 4808 2.00000034
28 98 3 7659 2.00000034
117 98 3 2007 2.00000034
61 98 3 6238 2.00000034
4 98 3 4454 2.00000034
84 98 3 11196 2.00000034
70 98 3 6155 2.00000034
7 98 3 838 2.00000034
92 98 3 2563 2.00000034
127 98 3 1264 2.00000034
31 98 3 13193 2.00000034
52 98 3 2920 2.00000034
34 98 3 5212 2.00000034
82 98 3 5500 2.00000034
97 98 3 4549 2.00000034
127 98 3 3352 2.00000034
94 98 3 2974 2.00000034
77 98 3 20352 2.00000034
123 98 3 2881 2.00000034
10 98 3 10869 2.00000034
0 98 3 4123 2.00000034
109 98 3 519 2.00000034
57 98 3 4077 2.00000034
102 98 3 6022 2.00000034
53 98 3 2276 2.00000034
42 98 3 7069 2.00000034
64 98 3 6161 2.00000034
88 98 3 12436 2.00000034
54 98 3 7796 2.00000034
45 98 3 2444 2.00000034
83 98 3 841 2.00000034
125 98 3 26507 2.00000034
83 98 3 4238 2.00000034
62 98 3 1806 2.00000034
29 98 3 3498 2.00000034
66 98 3 4648 2.00000034
42 98 3 6142 2.00000034
39 98 3 7380 2.00000034
36 98 3 5182 2.00000034
86 98 3 3133 2.00000034
93 98 3 4507 2.00000034
60 98 3 3945 2.00000034
49 98 3 5193 2.00000034
87 98 3 3328 2.00000034
92 98 3 3319 2.00000034
121 98 3 4591 2.00000034
50 98 3 8851 2.00000034
41 98 3 7932 2.00000034
39 98 3 6878 2.00000034
2 98 3 5355 2.00000034
22 98 3 3294 2.00000034
61 98 3 2283 2.00000034
115 98 3 6502 2.00000034
66 98 3 6290 2.00000034
59 98 3 4664 2.00000034
28 98 3 6217 2.00000034
95 98 3 6418 2.00000034
64 98 3 4023 2.00000034
95 98 3 7386 2.00000034
20 98 3 7587 2.00000034
91 98 3 7052 2.00000034
54 98 3 3685 2.00000034
44 98 3 7337 2.00000034
57 98 3 6645 2.00000034
107 98 3 7286 2.00000034
86 98 3 5042 2.00000034
60 98 3 4014 2.00000034
41 98 3 13815 2.00000034
18 98 3 2970 2.00000034
123 98 3 4466 2.00000034
102 98 3 5031 2.00000034
40 98 3 2051 2.00000034
95 98 3 6274 2.00000034
109 98 3 1773 2.00000034
126 98 3 338 2.00000034
99 98 3 10093 2.00000034
13 98 3 7952 2.00000034
97 98 3 4567 2.00000034
77 98 3 6441 2.00000034
108 98 3 5329 2.00000034
3 98 3 5126 2.00000034
115 98 3 14867 2.00000034
44 98 3 6359 2.00000034
43 98 3 6298 2.00000034
114 98 3 5442 2.00000034
38 98 3 2345 2.00000034
80 98 3 185 2.00000034
73 98 3 309 2.00000034
95 98 3 14724 2.00000034
15 98 3 5153 2.00000034
102 98 3 4825 2.00000034
100 98 3 6891 2.00000034
20 98 3 18035 2.00000034
20 98 3 13791 2.00000034
79 98 3 4753 2.00000034
49 98 3 1470 2.00000034
6 98 3 1184 2.00000034
106 98 3 7217 2.00000034
96 98 3 5134 2.00000034
35 98 3 5981 2.00000034
122 98 3 3213 2.00000034
69 98 3 4032 2.00000034
42 98 3 5144 2.00000034
109 98 3 5810 2.00000034
120 98 3 5608 2.00000034
111 98 3 3059 2.00000034
71 98 3 242 2.00000034
114 98 3 12785 2.00000034
116 98 3 7505 2.00000034
105 98 3 4443 2.00000034
32 98 3 822 2.00000034
126 98 3 2599 2.00000034
104 98 3 15114 2.00000034
45 98 3 648 2.00000034
46 98 3 2100 2.00000034
75 98 3 10310 2.00000034
17 98 3 4573 2.00000034
110 98 3 6333 2.00000034
13 98 3 1173 2.00000034
37 98 3 7513 2.00000034
103 98 3 2187 2.00000034
101 98 3 3558 2.00000034
100 98 3 4885 2.00000034
120 98 3 6779 2.00000034
32 98 3 4129 2.00000034
65 98 3 7106 2.00000034
29 98 3 7559 2.00000034
60 98 3 4317 2.00000034
51 98 3 23260 2.00000034
54 98 3 7479 2.00000034
67 98 3 5924 2.00000034
77 98 3 3187 2.00000034
5 98 3 2742 2.00000034
3 98 3 7677 2.00000034
12 98 3 4496 2.00000034
66 98 3 5209 2.00000034
47 98 3 6982 2.00000034
121 98 3 5939 2.00000034
64 98 3 6039 2.00000034
31 98 3 7527 2.00000034
37 98 3 5458 2.00000034
85 98 3 4277 2.00000034
63 98 3 6425 2.00000034
106 98 3 4345 2.00000034
14 98 3 4651 2.00000034
122 98 3 4160 2.00000034
21 98 3 5707 2.00000034
18 98 3 4392 2.00000034
19 98 3 2505 2.00000034
33 98 3 2002 2.00000034
46 98 3 6296 2.00000034
85 98 3 6667 2.00000034
31 98 3 2589 2.00000034
60 98 3 21330 2.00000034
66 98 3 4238 2.00000034
52 98 3 2124 2.00000034
80 98 3 2408 2.00000034
8 98 3 2871 2.00000034
21 98 3 7211 2.00000034
64 98 3 6561 2.00000034
69 98 3 1244 2.00000034
86 98 3 4328 2.00000034
89 98 3 3190 2.00000034
112 98 3 3146 2.00000034
29 98 3 2427 2.00000034
50 98 3 2172 2.00000034
15 98 3 6890 2.00000034
120 98 3 4354 2.00000034
13 98 3 4349 2.00000034
89 98 3 4108 2.00000034
110 98 3 30381 2.00000034
21 98 3 6584 2.00000034
41 98 3 6706 2.00000034
11 98 3 8681 2.00000034
26 98 3 2751 2.00000034
32 98 3 6872 2.00000034
69 98 3 3593 2.00000034
21 98 3 5564 2.00000034
30 98 3 4069 2.00000034
91 98 3 15736 2.00000034
41 98 3 23223 2.00000034
111 98 3 4102 2.00000034
29 98 3 1088 2.00000034
78 98 3 1665 2.00000034
75 98 3 1655 2.00000034
59 98 3 6061 2.00000034
80 98 3 7370 2.00000034
31 98 3 8416 2.00000034
99 98 3 1770 2.00000034
30 98 3 3369 2.00000034
86 98 3 3748 2.00000034
73 98 3 4160 2.00000034
121 98 3 19035 2.00000034
46 98 3 7215 2.00000034
18 98 3 10298 2.00000034
107 98 3 32063 2.00000034
42 98 3 3050 2.00000034
125 98 3 3203 2.00000034
104 98 3 10225 2.00000034
31 98 3 4935 2.00000034
46 98 3 7561 2.00000034
21 98 3 2977 2.00000034
27 98 3 4715 2.00000034
92 98 3 6633 2.00000034
78 98 3 1335 2.00000034
57 98 3 185 2.00000034
86 98 3 6127 2.00000034
70 98 3 5474 2.00000034
120 98 3 3451 2.00000034
93 98 3 2906 2.00000034
75 98 3 5314 2.00000034
84 98 3 4177 2.00000034
7 98 3 6428 2.00000034
17 98 3 4698 2.00000034
62 98 3 4067 2.00000034
41 98 3 6787 2.00000034
89 98 3 6120 2.00000034
66 98 3 2198 2.00000034
80 98 3 5944 2.00000034
103 98 3 4091 2.00000034
46 98 3 3003 2.00000034
118 98 3 6950 2.00000034
47 98 3 7372 2.00000034
110 98 3 6248 2.00000034
27 98 3 1586 2.00000034
6 98 3 3521 2.00000034
47 98 3 7456 2.00000034
95 98 3 6048 2.00000034
27 98 3 5115 2.00000034
48 98 3 7759 2.00000034
90 98 3 4688 2.00000034
47 98 3 11401 2.00000034
105 98 3 10541 2.00000034
55 98 3 5832 2.00000034
104 98 3 6304 2.00000034
65 98 3 42515 2.00000034
0 98 3 7130 2.00000034
111 98 3 6295 2.00000034
56 98 3 4026 2.00000034
92 98 3 4692 2.00000034
20 98 3 5844 2.00000034
112 98 3 18507 2.00000034
43 98 3 5944 2.00000034
64 98 3 7507 2.00000034
45 98 3 6296 2.00000034
65 98 3 5481 2.00000034
78 98 3 5329 2.00000034
24 98 3 6632 2.00000034
5 98 3 2703 2.00000034
53 98 3 5356 2.00000034
88 98 3 2184 2.00000034
81 98 3 2490 2.00000034
64 98 3 2796 2.00000034
13 98 3 173 2.00000034
20 98 3 19856 2.00000034
35 98 3 4108 2.00000034
82 98 3 4333 2.00000034
77 98 3 6252 2.00000034
8 98 3 3961 2.00000034
0 98 3 4176 2.00000034
54 98 3 4410 2.00000034
28 98 3 6649 2.00000034
107 98 3 6420 2.00000034
74 98 3 2937 2.00000034
6 98 3 3372 2.00000034
78 98 3 1383 2.00000034
23 98 3 7765 2.00000034
115 98 3 12424 2.00000034
58 98 3 7519 2.00000034
127 98 3 7644 2.00000034
68 98 3 4301 2.00000034
90 98 3 11690 2.00000034
104 98 3 3454 2.00000034
63 98 3 3953 2.00000034
86 98 3 5564 2.00000034
88 98 3 5733 2.00000034
77 98 3 1082 2.00000034
95 98 3 4297 2.00000034
4 98 3 5388 2.00000034
44 98 3 6271 2.00000034
13 98 3 3830 2.00000034
17 98 3 5038 2.00000034
28 98 3 18544 2.00000034
109 98 3 19625 2.00000034
20 98 3 14251 2.00000034
91 98 3 4608 2.00000034
113 98 3 586 2.00000034
117 98 3 355 2.00000034
44 98 3 7714 2.00000034
78 98 3 8655 2.00000034
126 98 3 4715 2.00000034
50 98 3 4093 2.00000034
52 98 3 5367 2.00000034
62 98 3 4094 2.00000034
89 98 3 4683 2.00000034
122 98 3 5907 2.00000034
116 98 3 5208 2.00000034
72 98 3 28089 2.00000034
35 98 3 5718 2.00000034
105 98 3 14631 2.00000034
100 98 3 7879 2.00000034
16 98 3 3446 2.00000034
7 98 3 5652 2.00000034
44 98 3 4036 2.00000034
62 98 3 7805 2.00000034
116 98 3 6756 2.00000034
111 98 3 5408 2.00000034
12 98 3 4566 2.00000034
51 98 3 7542 2.00000034
55 98 3 34708 2.00000034
44 98 3 5422 2.00000034
23 98 3 4197 2.00000034
21 98 3 5156 2.00000034
87 98 3 6669 2.00000034
42 98 3 5761 2.00000034
8 98 3 5599 2.00000034
66 98 3 20722 2.00000034
122 98 3 3587 2.00000034
57 98 3 23852 2.00000034
117 98 3 22882 2.00000034
18 98 3 7836 2.00000034
37 98 3 4301 2.00000034
32 98 3 12397 2.00000034
34 98 3 6307 2.00000034
35 98 3 5603 2.00000034
34 98 3 6163 2.00000034
4 98 3 3070 2.00000034
119 98 3 6400 2.00000034
40 98 3 6568 2.00000034
63 98 3 4109 2.00000034
123 98 3 4412 2.00000034
65 98 3 4639 2.00000034
92 98 3 23404 2.00000034
60 98 3 411 2.00000034
78 98 3 4299 2.00000034
39 98 3 6498 2.00000034
11 98 3 12142 2.00000034
122 98 3 6888 2.00000034
64 98 3 5006 2.00000034
54 98 3 4300 2.00000034
119 98 3 7454 2.00000034
35 98 3 13675 2.00000034
68 98 3 5501 2.00000034
85 98 3 7125 2.00000034
7 98 3 5474 2.00000034
2 98 3 15757 2.00000034
110 98 3 29714 2.00000034
42 98 3 6650 2.00000034
46 98 3 5828 2.00000034
75 98 3 2497 2.00000034
10 98 3 4607 2.00000034
55 98 3 14182 2.00000034
26 98 3 5291 2.00000034
23 98 3 6325 2.00000034
85 98 3 6794 2.00000034
22 98 3 12920 2.00000034
95 98 3 4520 2.00000034
13 98 3 6875 2.00000034
63 98 3 4984 2.00000034
36 98 3 5475 2.00000034
33 98 3 5575 2.00000034
55 98 3 5750 2.00000034
110 98 3 6540 2.00000034
24 98 3 21628 2.00000034
41 98 3 4354 2.00000034
122 98 3 7065 2.00000034
59 98 3 4190 2.00000034
124 98 3 7105 2.00000034
48 98 3 7656 2.00000034
90 98 3 12587 2.00000034
79 98 3 5949 2.00000034
76 98 3 5409 2.00000034
18 98 3 6525 2.00000034
24 98 3 5098 2.00000034
119 98 3 3599 2.00000034
102 98 3 13776 2.00000034
36 98 3 16732 2.00000034
18 98 3 2898 2.00000034
5 98 3 5482 2.00000034
38 98 3 2084 2.00000034
62 98 3 4331 2.00000034
125 98 3 7926 2.00000034
78 98 3 5035 2.00000034
0 98 3 4576 2.00000034
82 98 3 6763 2.00000034
29 98 3 9219 2.00000034
110 98 3 533 2.00000034
48 98 3 3620 2.00000034
17 98 3 5004 2.00000034
17 98 3 4095 2.00000034
67 98 3 6461 2.00000034
104 98 3 7961 2.00000034
49 98 3 8875 2.00000034
25 98 3 4545 2.00000034
13 98 3 5822 2.00000034
35 98 3 5831 2.00000034
31 98 3 17967 2.00000034
56 98 3 4096 2.00000034
107 98 3 6453 2.00000034
69 98 3 5745 2.00000034
41 98 3 6124 2.00000034
60 98 3 13264 2.00000034
66 98 3 7234 2.00000034
66 98 3 18712 2.00000034
6 98 3 6500 2.00000034
78 98 3 5864 2.00000034
96 98 3 7348 2.00000034
28 98 3 9310 2.00000034
111 98 3 6531 2.00000034
11 98 3 7244 2.00000034
112 98 3 11480 2.00000034
111 98 3 4573 2.00000034
81 98 3 6290 2.00000034
97 98 3 5250 2.00000034
26 98 3 7333 2.00000034
85 98 3 7591 2.00000034
50 98 3 4322 2.00000034
102 98 3 73444 2.00000034
30 98 3 6323 2.00000034
64 98 3 6860 2.00000034
43 98 3 5212 2.00000034
99 98 3 19611 2.00000034
7 98 3 6123 2.00000034
80 98 3 4566 2.00000034
80 98 3 7417 2.00000034
13 98 3 4165 2.00000034
77 98 3 2311 2.00000034
11 98 3 3999 2.00000034
29 98 3 6236 2.00000034
6 98 3 31306 2.00000034
123 98 3 6788 2.00000034
69 98 3 6116 2.00000034
86 98 3 12506 2.00000034
14 98 3 7211 2.00000034
106 98 3 15198 2.00000034
102 98 3 5549 2.00000034
25 98 3 7756 2.00000034
31 98 3 7532 2.00000034
22 98 3 4076 2.00000034
53 98 3 1182 2.00000034
47 98 3 6972 2.00000034
109 98 3 3949 2.00000034
23 98 3 6712 2.00000034
83 98 3 13925 2.00000034
106 98 3 4521 2.00000034
0 98 3 6728 2.00000034
70 98 3 17397 2.00000034
74 98 3 7112 2.00000034
84 98 3 6041 2.00000034
100 98 3 3011 2.00000034
47 98 3 4515 2.00000034
74 98 3 5069 2.00000034
75 98 3 6493 2.00000034
57 98 3 12582 2.00000034
47 98 3 7151 2.00000034
38 98 3 4984 2.00000034
112 98 3 5425 2.00000034
5 98 3 13697 2.00000034
105 98 3 4605 2.00000034
126 98 3 6257 2.00000034
105 98 3 6676 2.00000034
51 98 3 4675 2.00000034
77 98 3 6165 2.00000034
113 98 3 4182 2.00000034
127 98 3 6583 2.00000034
45 98 3 5132 2.00000034
29 98 3 5054 2.00000034
45 98 3 7173 2.00000034
89 98 3 4925 2.00000034
69 98 3 12463 2.00000034
101 98 3 14224 2.00000034
49 98 3 6185 2.00000034
69 98 3 5324 2.00000034
27 98 3 1869 2.00000034
117 98 3 6900 2.00000034
51 98 3 17136 2.00000034
81 98 3 4240 2.00000034
83 98 3 38060 2.00000034
109 98 3 5104 2.00000034
103 98 3 6710 2.00000034
38 98 3 7052 2.00000034
93 98 3 2897 2.00000034
10 98 3 3437 2.00000034
46 98 3 6332 2.00000034
44 98 3 10993 2.00000034
60 98 3 11698 2.00000034
53 98 3 7708 2.00000034
46 98 3 4738 2.00000034
53 98 3 3155 2.00000034
19 98 3 3610 2.00000034
58 98 3 4583 2.00000034
122 98 3 5744 2.00000034
81 98 3 7581 2.00000034
66 98 3 9402 2.00000034
54 98 3 7881 2.00000034
90 98 3 11373 2.00000034
37 98 3 11560 2.00000034
52 98 3 24975 2.00000034
0 98 3 6599 2.00000034
22 98 3 3567 2.00000034
47 98 3 6118 2.00000034
90 98 3 4095 2.00000034
114 98 3 6502 2.00000034
23 98 3 246 2.00000034
5 98 3 6698 2.00000034
46 98 3 7460 2.00000034
5 98 3 4582 2.00000034
16 98 3 6266 2.00000034
11 98 3 5761 2.00000034
27 98 3 15632 2.00000034
6 98 3 7723 2.00000034
51 98 3 13274 2.00000034
46 98 3 15228 2.00000034
22 98 3 4190 2.00000034
84 98 3 5907 2.00000034
101 98 3 7540 2.00000034
26 98 3 7181 2.00000034
114 98 3 5690 2.00000034
95 98 3 6639 2.00000034
124 98 3 20402 2.00000034
78 98 3 7395 2.00000034
72 98 3 5089 2.00000034
111 98 3 5698 2.00000034
7 98 3 6703 2.00000034
6 98 3 7449 2.00000034
1 98 3 7824 2.00000034
41 98 3 5099 2.00000034
52 98 3 6810 2.00000034
85 98 3 7552 2.00000034
122 98 3 6311 2.00000034
93 98 3 13930 2.00000034
93 98 3 5132 2.00000034
55 98 3 10775 2.00000034
37 98 3 6669 2.00000034
52 98 3 7318 2.00000034
70 98 3 7801 2.00000034
109 98 3 46948 2.00000034
65 98 3 5842 2.00000034
66 98 3 6638 2.00000034
120 98 3 6238 2.00000034
117 98 3 5896 2.00000034
91 98 3 10033 2.00000034
71 98 3 5105 2.00000034
120 98 3 4245 2.00000034
54 98 3 6634 2.00000034
70 98 3 7698 2.00000034
54 98 3 4538 2.00000034
42 98 3 6744 2.00000034
60 98 3 6243 2.00000034
7 98 3 4889 2.00000034
58 98 3 7965 2.00000034
78 98 3 2551 2.00000034
21 98 3 38034 2.00000034
124 98 3 8370 2.00000034
39 98 3 4639 2.00000034
56 98 3 4797 2.00000034
105 98 3 7488 2.00000034
83 98 3 6744 2.00000034
30 98 3 4578 2.00000034
51 98 3 5339 2.00000034
8 98 3 4434 2.00000034
74 98 3 4981 2.00000034
29 98 3 7114 2.00000034
64 98 3 5883 2.00000034
52 98 3 7269 2.00000034
52 98 3 15631 2.00000034
52 98 3 2535 2.00000034
95 98 3 7587 2.00000034
76 98 3 4873 2.00000034
22 98 3 4033 2.00000034
23 98 3 4250 2.00000034
82 98 3 5849 2.00000034
79 98 3 7711 2.00000034
11 98 3 4403 2.00000034
31 98 3 5746 2.00000034
26 98 3 6733 2.00000034
94 98 3 48164 2.00000034
28 98 3 2789 2.00000034
112 98 3 7730 2.00000034
83 98 3 4498 2.00000034
27 98 3 18116 2.00000034
16 98 3 5655 2.00000034
120 98 3 21418 2.00000034
46 98 3 5139 2.00000034
123 98 3 18224 2.00000034
125 98 3 5096 2.00000034
35 98 3 5039 2.00000034
5 98 3 5333 2.00000034
57 98 3 4451 2.00000034
50 98 3 7662 2.00000034
34 98 3 8647 2.00000034
91 98 3 24389 2.00000034
87 98 3 7781 2.00000034
47 98 3 6380 2.00000034
127 98 3 22886 2.00000034
5 98 3 8987 2.00000034
32 98 3 13137 2.00000034
42 98 3 30447 2.00000034
21 98 3 16308 2.00000034
2 98 3 7478 2.00000034
90 98 3 5158 2.00000034
52 98 3 6801 2.00000034
72 98 3 4589 2.00000034
89 98 3 18611 2.00000034
8 98 3 7771 2.00000034
102 98 3 7362 2.00000034
107 98 3 7228 2.00000034
103 98 3 15136 2.00000034
7 98 3 10372 2.00000034
56 98 3 7239 2.00000034
78 98 3 4254 2.00000034
49 98 3 6675 2.00000034
108 98 3 5730 2.00000034
1 98 3 16652 2.00000034
104 98 3 5209 2.00000034
114 98 3 7156 2.00000034
20 98 3 16939 2.00000034
22 98 3 4576 2.00000034
20 98 3 6479 2.00000034
71 98 3 4238 2.00000034
107 98 3 4214 2.00000034
71 98 3 6240 2.00000034
118 98 3 4626 2.00000034
14 98 3 18955 2.00000034
6 98 3 6398 2.00000034
13 98 3 9980 2.00000034
74 98 3 11483 2.00000034
47 98 3 20233 2.00000034
99 98 3 7327 2.00000034
6 98 3 20967 2.00000034
60 98 3 5071 2.00000034
110 98 3 5034 2.00000034
109 98 3 4931 2.00000034
61 98 3 6159 2.00000034
16 98 3 6634 2.00000034
90 98 3 30320 2.00000034
19 98 3 5802 2.00000034
67 98 3 18158 2.00000034
109 98 3 5378 2.00000034
43 98 3 26589 2.00000034
99 98 3 7100 2.00000034
125 98 3 7336 2.00000034
40 98 3 6175 2.00000034
42 98 3 14488 2.00000034
106 98 3 5917 2.00000034
104 98 3 6847 2.00000034
4 98 3 6631 2.00000034
11 98 3 4464 2.00000034
80 98 3 6753 2.00000034
50 98 3 5449 2.00000034
11 98 3 17117 2.00000034
104 98 3 6354 2.00000034
22 98 3 4731 2.00000034
18 98 3 4639 2.00000034
30 98 3 18799 2.00000034
51 98 3 7343 2.00000034
68 98 3 56939 2.00000034
88 98 3 37905 2.00000034
122 98 3 7867 2.00000034
70 98 3 5654 2.00000034
127 98 3 29760 2.00000034
53 98 3 28344 2.00000034
24 98 3 4583 2.00000034
11 98 3 7832 2.00000034
97 98 3 5787 2.00000034
20 98 3 27205 2.00000034
40 98 3 4517 2.00000034
39 98 3 4758 2.00000034
71 98 3 7189 2.00000034
64 98 3 7524 2.00000034
30 98 3 4023 2.00000034
68 98 3 8025 2.00000034
74 98 3 7513 2.00000034
80 98 3 7942 2.00000034
29 98 3 5778 2.00000034
93 98 3 28722 2.00000034
97 98 3 7166 2.00000034
119 98 3 7728 2.00000034
54 98 3 5357 2.00000034
120 98 3 7942 2.00000034
90 98 3 36417 2.00000034
25 98 3 5724 2.00000034
27 98 3 7092 2.00000034
13 98 3 4159 2.00000034
118 98 3 6301 2.00000034
70 98 3 7961 2.00000034
122 98 3 7670 2.00000034
60 98 3 9839 2.00000034
57 98 3 5080 2.00000034
10 98 3 7397 2.00000034
20 98 3 5741 2.00000034
67 98 3 5960 2.00000034
37 98 3 52263 2.00000034
105 98 3 6842 2.00000034
26 98 3 19149 2.00000034
40 98 3 5678 2.00000034
69 98 3 5890 2.00000034
102 98 3 5561 2.00000034
86 98 3 5461 2.00000034
58 98 3 15997 2.00000034
38 98 3 10261 2.00000034
6 98 3 9979 2.00000034
118 98 3 5759 2.00000034
66 98 3 4836 2.00000034
0 98 3 5564 2.00000034
105 98 3 6455 2.00000034
56 98 3 4895 2.00000034
9 98 3 7819 2.00000034
7 98 3 14835 2.00000034
27 98 3 4479 2.00000034
46 98 3 6520 2.00000034
67 98 3 15625 2.00000034
122 98 3 6247 2.00000034
113 98 3 6628 2.00000034
76 98 3 6470 2.00000034
51 98 3 6802 2.00000034
6 98 3 4366 2.00000034
15 98 3 111984 2.00000034
75 98 3 7174 2.00000034
121 98 3 17310 2.00000034
42 98 3 6980 2.00000034
16 98 3 6367 2.00000034
34 98 3 60710 2.00000034
101 98 3 6045 2.00000034
83 98 3 21938 2.00000034
13 98 3 68151 2.00000034
70 98 3 6661 2.00000034
17 98 3 6568 2.00000034
88 98 3 7154 2.00000034
35 98 3 14746 2.00000034
118 98 3 8311 2.00000034
3 98 3 5451 2.00000034
89 98 3 5166 2.00000034
6 98 3 7828 2.00000034
35 98 3 4330 2.00000034
5 98 3 30582 2.00000034
30 98 3 10965 2.00000034
113 98 3 6302 2.00000034
87 98 3 14766 2.00000034
57 98 3 5797 2.00000034
119 98 3 8933 2.00000034
13 98 3 7117 2.00000034
89 98 3 31253 2.00000034
6 98 3 5884 2.00000034
77 98 3 18139 2.00000034
33 98 3 7041 2.00000034
54 98 3 6977 2.00000034
88 98 3 4728 2.00000034
119 98 3 11537 2.00000034
30 98 3 8520 2.00000034
11 98 3 27784 2.00000034
104 98 3 7664 2.00000034
21 98 3 7369 2.00000034
32 98 3 6945 2.00000034
117 98 3 111869 2.00000034
32 98 3 15976 2.00000034
120 98 3 5800 2.00000034
91 98 3 4982 2.00000034
69 98 3 5651 2.00000034
68 98 3 7576 2.00000034
113 98 3 14345 2.00000034
3 98 3 6816 2.00000034
37 98 3 7853 2.00000034
53 98 3 6116 2.00000034
126 98 3 7595 2.00000034
73 98 3 7028 2.00000034
51 98 3 25613 2.00000034
41 98 3 8014 2.00000034
61 98 3 13922 2.00000034
16 98 3 15610 2.00000034
14 98 3 9376 2.00000034
25 98 3 5179 2.00000034
66 98 3 23867 2.00000034
114 98 3 29414 2.00000034
22 98 3 9495 2.00000034
73 98 3 6362 2.00000034
82 98 3 7457 2.00000034
71 98 3 5372 2.00000034
97 98 3 9691 2.00000034
41 98 3 6638 2.00000034
121 98 3 11610 2.00000034
16 98 3 20202 2.00000034
42 98 3 26387 2.00000034
8 98 3 5283 2.00000034
69 98 3 7480 2.00000034
9 98 3 6167 2.00000034
67 98 3 4033 2.00000034
46 98 3 6523 2.00000034
11 98 3 7439 2.00000034
32 98 3 6842 2.00000034
89 98 3 8562 2.00000034
91 98 3 7691 2.00000034
74 98 3 15469 2.00000034
1 98 3 9681 2.00000034
118 98 3 6531 2.00000034
120 98 3 4159 2.00000034
30 98 3 10347 2.00000034
9 98 3 6912 2.00000034
23 98 3 4290 2.00000034
118 98 3 7572 2.00000034
102 98 3 10821 2.00000034
90 98 3 7615 2.00000034
7 98 3 4059 2.00000034
99 98 3 6700 2.00000034
73 98 3 4958 2.00000034
54 98 3 7514 2.00000034
40 98 3 5897 2.00000034
96 98 3 6640 2.00000034
1 98 3 7408 2.00000034
109 98 3 7271 2.00000034
127 98 3 5424 2.00000034
122 98 3 4752 2.00000034
40 98 3 4469 2.00000034
99 98 3 7887 2.00000034
13 98 3 9844 2.00000034
64 98 3 7310 2.00000034
103 98 3 11143 2.00000034
41 98 3 7362 2.00000034
76 98 3 6931 2.00000034
126 98 3 4129 2.00000034
28 98 3 6857 2.00000034
43 98 3 73577 2.00000034
44 98 3 5431 2.00000034
62 98 3 9987 2.00000034
105 98 3 4302 2.00000034
70 98 3 6578 2.00000034
102 98 3 15324 2.00000034
22 98 3 6805 2.00000034
79 98 3 35977 2.00000034
118 98 3 6455 2.00000034
12 98 3 15785 2.00000034
91 98 3 40525 2.00000034
106 98 3 7808 2.00000034
36 98 3 15098 2.00000034
79 98 3 6853 2.00000034
28 98 3 6606 2.00000034
18 98 3 4937 2.00000034
122 98 3 5567 2.00000034
64 98 3 6609 2.00000034
68 98 3 58777 2.00000034
51 98 3 14119 2.00000034
74 98 3 4311 2.00000034
38 98 3 7504 2.00000034
49 98 3 10526 2.00000034
109 98 3 7544 2.00000034
106 98 3 7689 2.00000034
17 98 3 14909 2.00000034
11 98 3 6832 2.00000034
26 98 3 4735 2.00000034
112 98 3 5925 2.00000034
31 98 3 6237 2.00000034
42 98 3 18255 2.00000034
67 98 3 4255 2.00000034
89 98 3 5412 2.00000034
112 98 3 5035 2.00000034
15 98 3 17362 2.00000034
30 98 3 6385 2.00000034
94 98 3 5154 2.00000034
79 98 3 6347 2.00000034
79 98 3 6904 2.00000034
69 98 3 14585 2.00000034
124 98 3 4146 2.00000034
66 98 3 4119 2.00000034
70 98 3 4567 2.00000034
114 98 3 4960 2.00000034
76 98 3 6686 2.00000034
42 98 3 5482 2.00000034
56 98 3 4124 2.00000034
12 98 3 7573 2.00000034
103 98 3 6391 2.00000034
125 98 3 7833 2.00000034
76 98 3 7150 2.00000034
92 98 3 2287 2.00000034
63 98 3 7252 2.00000034
49 98 3 7386 2.00000034
59 98 3 7568 2.00000034
80 98 3 18930 2.00000034
22 98 3 4715 2.00000034
27 98 3 7571 2.00000034
17 98 3 4632 2.00000034
84 98 3 4193 2.00000034
111 98 3 7508 2.00000034
96 98 3 6250 2.00000034
101 98 3 6930 2.00000034
96 98 3 15280 2.00000034
53 98 3 6836 2.00000034
57 98 3 7321 2.00000034
27 98 3 29596 2.00000034
2 98 3 7174 2.00000034
2 98 3 6050 2.00000034
85 98 3 5018 2.00000034
40 98 3 4464 2.00000034
86 98 3 12307 2.00000034
43 98 3 14443 2.00000034
37 98 3 7010 2.00000034
14 98 3 7658 2.00000034
82 98 3 5502 2.00000034
7 98 3 4959 2.00000034
83 98 3 11688 2.00000034
15 98 3 13321 2.00000034
41 98 3 5943 2.00000034
99 98 3 7996 2.00000034
82 98 3 11251 2.00000034
12 98 3 11882 2.00000034
71 98 3 6751 2.00000034
110 98 3 10234 2.00000034
39 98 3 29592 2.00000034
55 98 3 6545 2.00000034
64 98 3 6533 2.00000034
7 98 3 39271 2.00000034
108 98 3 6762 2.00000034
50 98 3 7432 2.00000034
108 98 3 11830 2.00000034
95 98 3 4967 2.00000034
69 98 3 6663 2.00000034
107 98 3 5675 2.00000034
4 98 3 7305 2.00000034
83 98 3 23314 2.00000034
111 98 3 9112 2.00000034
16 98 3 6912 2.00000034
28 98 3 9295 2.00000034
84 98 3 8516 2.00000034
9 98 3 20763 2.00000034
40 98 3 5465 2.00000034
61 98 3 24555 2.00000034
52 98 3 6470 2.00000034
94 98 3 6539 2.00000034
58 98 3 6798 2.00000034
9 98 3 7764 2.00000034
102 98 3 11765 2.00000034
42 98 3 2497 2.00000034
89 98 3 6485 2.00000034
47 98 3 7230 2.00000034
13 98 3 28297 2.00000034
50 98 3 7849 2.00000034
27 98 3 14763 2.00000034
72 98 3 6865 2.00000034
107 98 3 28949 2.00000034
53 98 3 17612 2.00000034
62 98 3 18420 2.00000034
95 98 3 7839 2.00000034
67 98 3 37464 2.00000034
123 98 3 4211 2.00000034
76 98 3 6613 2.00000034
120 98 3 6720 2.00000034
29 98 3 6550 2.00000034
92 98 3 4810 2.00000034
45 98 3 6328 2.00000034
7 98 3 3080 2.00000034
90 98 3 5639 2.00000034
91 98 3 5203 2.00000034
109 98 3 6114 2.00000034
87 98 3 6924 2.00000034
49 98 3 26873 2.00000034
10 98 3 7663 2.00000034
63 98 3 4497 2.00000034
25 98 3 6329 2.00000034
108 98 3 6892 2.00000034
7 98 3 56075 2.00000034
108 98 3 25501 2.00000034
86 98 3 5550 2.00000034
102 98 3 105114 2.00000034
19 98 3 9857 2.00000034
92 98 3 10790 2.00000034
79 98 3 8354 2.00000034
27 98 3 18006 2.00000034
32 98 3 4127 2.00000034
117 98 3 10061 2.00000034
75 98 3 36132 2.00000034
108 98 3 7548 2.00000034
9 98 3 6072 2.00000034
66 98 3 4587 2.00000034
72 98 3 5980 2.00000034
99 98 3 4946 2.00000034
103 98 3 14627 2.00000034
24 98 3 6727 2.00000034
54 98 3 8351 2.00000034
77 98 3 5144 2.00000034
89 98 3 5392 2.00000034
38 98 3 6397 2.00000034
119 98 3 4544 2.00000034
47 98 3 4102 2.00000034
123 98 3 6780 2.00000034
53 98 3 62419 2.00000034
120 98 3 7465 2.00000034
75 98 3 5333 2.00000034
102 98 3 6922 2.00000034
39 98 3 6866 2.00000034
48 98 3 24473 2.00000034
81 98 3 4586 2.00000034
43 98 3 14107 2.00000034
3 98 3 28421 2.00000034
93 98 3 26932 2.00000034
118 98 3 41616 2.00000034
70 98 3 61315 2.00000034
120 98 3 17853 2.00000034
3 98 3 22895 2.00000034
15 98 3 6849 2.00000034
105 98 3 5419 2.00000034
15 98 3 6095 2.00000034
97 98 3 60898 2.00000034
65 98 3 16172 2.00000034
104 98 3 4987 2.00000034
59 98 3 4728 2.00000034
1 98 3 8432 2.00000034
0 98 3 7958 2.00000034
51 98 3 11223 2.00000034
50 98 3 10864 2.00000034
77 98 3 7661 2.00000034
54 98 3 7474 2.00000034
64 98 3 6997 2.00000034
73 98 3 27442 2.00000034
0 98 3 16180 2.00000034
125 98 3 21951 2.00000034
32 98 3 23518 2.00000034
56 98 3 4758 2.00000034
120 98 3 6686 2.00000034
101 98 3 8801 2.00000034
127 98 3 24910 2.00000034
17 98 3 11053 2.00000034
116 98 3 31386 2.00000034
80 98 3 5026 2.00000034
35 98 3 5273 2.00000034
26 98 3 4871 2.00000034
94 98 3 15988 2.00000034
91 98 3 7174 2.00000034
71 98 3 6951 2.00000034
57 98 3 17951 2.00000034
71 98 3 6881 2.00000034
22 98 3 4305 2.00000034
78 98 3 14857 2.00000034
27 98 3 23423 2.00000034
121 98 3 4684 2.00000034
111 98 3 15290 2.00000034
85 98 3 6548 2.00000034
35 98 3 6096 2.00000034
62 98 3 7701 2.00000034
90 98 3 7202 2.00000034
44 98 3 7880 2.00000034
27 98 3 31278 2.00000034
113 98 3 67550 2.00000034
45 98 3 6031 2.00000034
50 98 3 6687 2.00000034
115 98 3 4601 2.00000034
13 98 3 6392 2.00000034
117 98 3 5886 2.00000034
18 98 3 17655 2.00000034
28 98 3 5808 2.00000034
83 98 3 5178 2.00000034
70 98 3 7556 2.00000034
70 98 3 11671 2.00000034
78 98 3 38738 2.00000034
7 98 3 5439 2.00000034
121 98 3 12793 2.00000034
127 98 3 4714 2.00000034
26 98 3 5712 2.00000034
87 98 3 7527 2.00000034
111 98 3 6524 2.00000034
87 98 3 6725 2.00000034
5 98 3 11756 2.00000034
60 98 3 8879 2.00000034
70 98 3 15657 2.00000034
46 98 3 58896 2.00000034
69 98 3 4643 2.00000034
37 98 3 4655 2.00000034
0 98 3 4259 2.00000034
34 98 3 14141 2.00000034
62 98 3 21715 2.00000034
48 98 3 16946 2.00000034
116 98 3 16597 2.00000034
27 98 3 102410 2.00000034
40 98 3 14403 2.00000034
39 98 3 4794 2.00000034
54 98 3 4132 2.00000034
73 98 3 96136 2.00000034
69 98 3 7447 2.00000034
81 98 3 51968 2.00000034
68 98 3 31001 2.00000034
116 98 3 30831 2.00000034
100 98 3 5613 2.00000034
113 98 3 5626 2.00000034
91 98 3 4001 2.00000034
62 98 3 4958 2.00000034
101 98 3 13113 2.00000034
123 98 3 8367 2.00000034
108 98 3 23102 2.00000034
84 98 3 4977 2.00000034
45 98 3 6831 2.00000034
35 98 3 16009 2.00000034
18 98 3 5239 2.00000034
22 98 3 10865 2.00000034
118 98 3 7555 2.00000034
121 98 3 111813 2.00000034
117 98 3 5495 2.00000034
16 98 3 14661 2.00000034
25 98 3 9592 2.00000034
97 98 3 6345 2.00000034
24 98 3 6654 2.00000034
56 98 3 7456 2.00000034
74 98 3 4414 2.00000034
67 98 3 5698 2.00000034
39 98 3 8335 2.00000034
64 98 3 4785 2.00000034
126 98 3 15802 2.00000034
62 98 3 7462 2.00000034
45 98 3 9202 2.00000034
5 98 3 4671 2.00000034
125 98 3 24920 2.00000034
23 98 3 101271 2.00000034
23 98 3 6793 2.00000034
49 98 3 37318 2.00000034
26 98 3 7019 2.00000034
6 98 3 5283 2.00000034
54 98 3 24671 2.00000034
121 98 3 14307 2.00000034
60 98 3 15467 2.00000034
18 98 3 24005 2.00000034
88 98 3 10862 2.00000034
38 98 3 5337 2.00000034
93 98 3 13404 2.00000034
52 98 3 4624 2.00000034
31 98 3 12848 2.00000034
21 98 3 4163 2.00000034
107 98 3 9721 2.00000034
92 98 3 4086 2.00000034
92 98 3 11294 2.00000034
105 98 3 6482 2.00000034
105 98 3 10658 2.00000034
45 98 3 5025 2.00000034
44 98 3 7036 2.00000034
2 98 3 7745 2.00000034
76 98 3 15064 2.00000034
61 98 3 4907 2.00000034
39 98 3 13132 2.00000034
122 98 3 7268 2.00000034
6 98 3 5289 2.00000034
24 98 3 19504 2.00000034
57 98 3 5055 2.00000034
127 98 3 10961 2.00000034
0 98 3 26017 2.00000034
100 98 3 14459 2.00000034
72 98 3 17728 2.00000034
34 98 3 5352 2.00000034
22 98 3 27081 2.00000034
110 98 3 11644 2.00000034
20 98 3 16405 2.00000034
89 98 3 31417 2.00000034
124 98 3 23916 2.00000034
4 98 3 7458 2.00000034
64 98 3 5700 2.00000034
91 98 3 6257 2.00000034
113 98 3 14325 2.00000034
61 98 3 114828 2.00000034
93 98 3 5329 2.00000034
48 98 3 22729 2.00000034
68 98 3 5723 2.00000034
40 98 3 7928 2.00000034
62 98 3 4626 2.00000034
61 98 3 4313 2.00000034
123 98 3 5861 2.00000034
29 98 3 14955 2.00000034
35 98 3 5278 2.00000034
10 98 3 12422 2.00000034
120 98 3 21117 2.00000034
12 98 3 7087 2.00000034
44 98 3 4454 2.00000034
91 98 3 6742 2.00000034
118 98 3 10951 2.00000034
38 98 3 24818 2.00000034
53 98 3 14857 2.00000034
24 98 3 9797 2.00000034
36 98 3 6060 2.00000034
23 98 3 6208 2.00000034
21 98 3 5252 2.00000034
109 98 3 5348 2.00000034
41 98 3 5446 2.00000034
109 98 3 22408 2.00000034
56 98 3 6794 2.00000034
8 98 3 21537 2.00000034
115 98 3 5503 2.00000034
34 98 3 8910 2.00000034
40 98 3 122230 2.00000034
50 98 3 59965 2.00000034
46 98 3 26491 2.00000034
32 98 3 7313 2.00000034
84 98 3 13818 2.00000034
75 98 3 5336 2.00000034
86 98 3 6908 2.00000034
103 98 3 16954 2.00000034
46 98 3 7133 2.00000034
53 98 3 5478 2.00000034
88 98 3 23178 2.00000034
70 98 3 6281 2.00000034
73 98 3 54917 2.00000034
58 98 3 38169 2.00000034
101 98 3 19958 2.00000034
122 98 3 7551 2.00000034
16 98 3 13145 2.00000034
9 98 3 11384 2.00000034
85 98 3 5184 2.00000034
36 98 3 13632 2.00000034
56 98 3 15774 2.00000034
94 98 3 4980 2.00000034
100 98 3 15787 2.00000034
62 98 3 6330 2.00000034
44 98 3 97166 2.00000034
122 98 3 812251 2.00000034
21 98 3 40304 2.00000034
69 98 3 4090 2.00000034
24 98 3 7367 2.00000034
85 98 3 7677 2.00000034
23 98 3 6159 2.00000034
20 98 3 6464 2.00000034
30 98 3 10688 2.00000034
127 98 3 14257 2.00000034
31 98 3 7473 2.00000034
3 98 3 23802 2.00000034
25 98 3 26623 2.00000034
8 98 3 11464 2.00000034
19 98 3 31378 2.00000034
32 98 3 7274 2.00000034
48 98 3 27960 2.00000034
96 98 3 92424 2.00000034
76 98 3 7134 2.00000034
107 98 3 7110 2.00000034
88 98 3 7792 2.00000034
127 98 3 10830 2.00000034
84 98 3 19200 2.00000034
11 98 3 53077 2.00000034
34 98 3 5522 2.00000034
116 98 3 8384 2.00000034
65 98 3 26002 2.00000034
120 98 3 9144 2.00000034
109 98 3 11001 2.00000034
28 98 3 7688 2.00000034
70 98 3 7256 2.00000034
21 98 3 6593 2.00000034
5 98 3 15023 2.00000034
59 98 3 16589 2.00000034
96 98 3 6094 2.00000034
89 98 3 6066 2.00000034
62 98 3 5442 2.00000034
49 98 3 30452 2.00000034
107 98 3 42989 2.00000034
57 98 3 15053 2.00000034
119 98 3 7747 2.00000034
39 98 3 6566 2.00000034
58 98 3 14714 2.00000034
34 98 3 30384 2.00000034
45 98 3 29103 2.00000034
110 98 3 7754 2.00000034
122 98 3 4486 2.00000034
59 98 3 7123 2.00000034
36 98 3 4937 2.00000034
95 98 3 5790 2.00000034
44 98 3 50061 2.00000034
7 98 3 18705 2.00000034
2 98 3 10982 2.00000034
107 98 3 113093 2.00000034
66 98 3 43783 2.00000034
3 98 3 5239 2.00000034
115 98 3 7957 2.00000034
19 98 3 7064 2.00000034
107 98 3 7255 2.00000034
112 98 3 5576 2.00000034
55 98 3 7125 2.00000034
72 98 3 87753 2.00000034
77 98 3 28175 2.00000034
25 98 3 5495 2.00000034
97 98 3 29118 2.00000034
117 98 3 93075 2.00000034
61 98 3 23132 2.00000034
123 98 3 4820 2.00000034
18 98 3 11293 2.00000034
31 98 3 105652 2.00000034
64 98 3 4761 2.00000034
6 98 3 5622 2.00000034
63 98 3 7683 2.00000034
111 98 3 11352 2.00000034
11 98 3 4611 2.00000034
115 98 3 6754 2.00000034
61 98 3 7564 2.00000034
89 98 3 11265 2.00000034
114 98 3 44798 2.00000034
2 98 3 22102 2.00000034
108 98 3 7785 2.00000034
4 98 3 5234 2.00000034
105 98 3 118530 2.00000034
17 98 3 7171 2.00000034
49 98 3 10952 2.00000034
17 98 3 4783 2.00000034
104 98 3 7308 2.00000034
35 98 3 17824 2.00000034
19 98 3 7911 2.00000034
69 98 3 7633 2.00000034
82 98 3 13259 2.00000034
48 98 3 7657 2.00000034
94 98 3 24846 2.00000034
63 98 3 46410 2.00000034
52 98 3 6132 2.00000034
122 98 3 30517 2.00000034
64 98 3 23377 2.00000034
53 98 3 12687 2.00000034
29 98 3 41641 2.00000034
69 98 3 9843 2.00000034
78 98 3 5443 2.00000034
112 98 3 4777 2.00000034
120 98 3 5065 2.00000034
42 98 3 18644 2.00000034
4 98 3 62554 2.00000034
122 98 3 9187 2.00000034
28 98 3 22632 2.00000034
44 98 3 4006 2.00000034
21 98 3 8636 2.00000034
41 98 3 4841 2.00000034
32 98 3 14720 2.00000034
104 98 3 16780 2.00000034
68 98 3 4894 2.00000034
28 98 3 23595 2.00000034
49 98 3 27766 2.00000034
34 98 3 6168 2.00000034
55 98 3 25187 2.00000034
57 98 3 24793 2.00000034
59 98 3 41874 2.00000034
20 98 3 4296 2.00000034
54 98 3 9442 2.00000034
47 98 3 27203 2.00000034
37 98 3 21595 2.00000034
23 98 3 11502 2.00000034
6 98 3 7662 2.00000034
81 98 3 24880 2.00000034
26 98 3 23898 2.00000034
39 98 3 11368 2.00000034
8 98 3 39498 2.00000034
66 98 3 65640 2.00000034
105 98 3 7310 2.00000034
78 98 3 5214 2.00000034
95 98 3 29882 2.00000034
28 98 3 7532 2.00000034
31 98 3 68253 2.00000034
76 98 3 6138 2.00000034
126 98 3 4877 2.00000034
66 98 3 11605 2.00000034
50 98 3 21931 2.00000034
2 98 3 7042 2.00000034
91 98 3 47024 2.00000034
92 98 3 51975 2.00000034
75 98 3 62331 2.00000034
1 98 3 6753 2.00000034
5 98 3 4235 2.00000034
17 98 3 7818 2.00000034
30 98 3 5440 2.00000034
22 98 3 6549 2.00000034
22 98 3 7045 2.00000034
105 98 3 21278 2.00000034
4 98 3 102376 2.00000034
120 98 3 6682 2.00000034
100 98 3 6843 2.00000034
63 98 3 14197 2.00000034
27 98 3 4831 2.00000034
62 98 3 13610 2.00000034
30 98 3 7058 2.00000034
77 98 3 30000 2.00000034
85 98 3 5947 2.00000034
107 98 3 9687 2.00000034
33 98 3 7576 2.00000034
53 98 3 10632 2.00000034
18 98 3 21657 2.00000034
46 98 3 51450 2.00000034
8 98 3 80519 2.00000034
78 98 3 5333 2.00000034
91 98 3 7950 2.00000034
1 98 3 6466 2.00000034
106 98 3 7360 2.00000034
105 98 3 10196 2.00000034
83 98 3 16744 2.00000034
108 98 3 18209 2.00000034
123 98 3 29844 2.00000034
125 98 3 5421 2.00000034
66 98 3 54906 2.00000034
3 98 3 70119 2.00000034
18 98 3 10929 2.00000034
59 98 3 17280 2.00000034
20 98 3 7561 2.00000034
7 98 3 7428 2.00000034
127 98 3 6898 2.00000034
54 98 3 30739 2.00000034
105 98 3 8050 2.00000034
57 98 3 5733 2.00000034
0 98 3 15316 2.00000034
76 98 3 4720 2.00000034
60 98 3 5621 2.00000034
16 98 3 13521 2.00000034
81 98 3 6368 2.00000034
118 98 3 21036 2.00000034
28 98 3 5151 2.00000034
33 98 3 12731 2.00000034
106 98 3 36317 2.00000034
49 98 3 29423 2.00000034
110 98 3 22519 2.00000034
109 98 3 4738 2.00000034
55 98 3 5234 2.00000034
116 98 3 6177 2.00000034
90 98 3 7426 2.00000034
23 98 3 7156 2.00000034
109 98 3 5875 2.00000034
76 98 3 31105 2.00000034
119 98 3 5375 2.00000034
81 98 3 32650 2.00000034
40 98 3 6745 2.00000034
121 98 3 4255 2.00000034
38 98 3 6448 2.00000034
15 98 3 7426 2.00000034
73 98 3 7104 2.00000034
37 98 3 5470 2.00000034
114 98 3 26592 2.00000034
7 98 3 11009 2.00000034
50 98 3 4884 2.00000034
65 98 3 29229 2.00000034
88 98 3 4926 2.00000034
118 98 3 20834 2.00000034
82 98 3 29852 2.00000034
3 98 3 4538 2.00000034
82 98 3 26589 2.00000034
59 98 3 4742 2.00000034
127 98 3 7065 2.00000034
25 98 3 31335 2.00000034
72 98 3 16710 2.00000034
99 98 3 46155 2.00000034
117 98 3 31586 2.00000034
47 98 3 12250 2.00000034
104 98 3 4748 2.00000034
81 98 3 29993 2.00000034
13 98 3 38342 2.00000034
66 98 3 6844 2.00000034
71 98 3 7584 2.00000034
77 98 3 27781 2.00000034
71 98 3 28480 2.00000034
77 98 3 31139 2.00000034
34 98 3 26334 2.00000034
5 98 3 27597 2.00000034
111 98 3 6513 2.00000034
69 98 3 26935 2.00000034
114 98 3 23716 2.00000034
54 98 3 4140 2.00000034
2 98 3 7650 2.00000034
108 98 3 25932 2.00000034
71 98 3 85168 2.00000034
25 98 3 5433 2.00000034
109 98 3 10707 2.00000034
68 98 3 9464 2.00000034
121 98 3 7236 2.00000034
9 98 3 7652 2.00000034
81 98 3 31406 2.00000034
4 98 3 6606 2.00000034
40 98 3 6063 2.00000034
62 98 3 12443 2.00000034
37 98 3 27816 2.00000034
88 98 3 8415 2.00000034
82 98 3 7356 2.00000034
77 98 3 6772 2.00000034
12 98 3 11377 2.00000034
112 98 3 7459 2.00000034
30 98 3 7167 2.00000034
20 98 3 7825 2.00000034
124 98 3 36938 2.00000034
51 98 3 4465 2.00000034
93 98 3 6121 2.00000034
8 98 3 24365 2.00000034
94 98 3 12287 2.00000034
12 98 3 6218 2.00000034
52 98 3 27103 2.00000034
58 98 3 33127 2.00000034
81 98 3 6503 2.00000034
108 98 3 25669 2.00000034
114 98 3 4271 2.00000034
13 98 3 5157 2.00000034
25 98 3 29500 2.00000034
64 98 3 30710 2.00000034
1 98 3 7168 2.00000034
127 98 3 19741 2.00000034
110 98 3 18799 2.00000034
103 98 3 23111 2.00000034
124 98 3 4623 2.00000034
52 98 3 29959 2.00000034
115 98 3 5742 2.00000034
110 98 3 7349 2.00000034
103 98 3 6435 2.00000034
60 98 3 7803 2.00000034
47 98 3 4969 2.00000034
24 98 3 17712 2.00000034
111 98 3 22766 2.00000034
41 98 3 7173 2.00000034
57 98 3 9314 2.00000034
3 98 3 60793 2.00000034
45 98 3 13356 2.00000034
45 98 3 114872 2.00000034
118 98 3 44886 2.00000034
110 98 3 10824 2.00000034
62 98 3 27832 2.00000034
2 98 3 6205 2.00000034
40 98 3 7330 2.00000034
16 98 3 20449 2.00000034
68 98 3 10972 2.00000034
5 98 3 64025 2.00000034
112 98 3 61250 2.00000034
21 98 3 4988 2.00000034
49 98 3 5110 2.00000034
15 98 3 7871 2.00000034
71 98 3 7375 2.00000034
97 98 3 5559 2.00000034
118 98 3 31821 2.00000034
12 98 3 30072 2.00000034
88 98 3 34070 2.00000034
111 98 3 13057 2.00000034
41 98 3 22385 2.00000034
2 98 3 4522 2.00000034
17 98 3 5485 2.00000034
41 98 3 5951 2.00000034
27 98 3 4833 2.00000034
55 98 3 6403 2.00000034
14 98 3 4298 2.00000034
117 98 3 29326 2.00000034
32 98 3 25576 2.00000034
106 98 3 10982 2.00000034
123 98 3 21581 2.00000034
54 98 3 7960 2.00000034
74 98 3 29730 2.00000034
53 98 3 40987 2.00000034
121 98 3 30945 2.00000034
10 98 3 12361 2.00000034
81 98 3 4086 2.00000034
84 98 3 22330 2.00000034
123 98 3 10488 2.00000034
50 98 3 16671 2.00000034
99 98 3 8748 2.00000034
68 98 3 4813 2.00000034
89 98 3 6996 2.00000034
58 98 3 30444 2.00000034
103 98 3 15681 2.00000034
87 98 3 61446 2.00000034
104 98 3 36826 2.00000034
62 98 3 27661 2.00000034
10 98 3 4965 2.00000034
121 98 3 45061 2.00000034
48 98 3 34689 2.00000034
101 98 3 6994 2.00000034
40 98 3 6487 2.00000034
10 98 3 12831 2.00000034
123 98 3 4120 2.00000034
120 98 3 27422 2.00000034
1 98 3 7712 2.00000034
24 98 3 5982 2.00000034
89 98 3 42192 2.00000034
75 98 3 15949 2.00000034
20 98 3 4299 2.00000034
11 98 3 40207 2.00000034
93 98 3 83781 2.00000034
73 98 3 30504 2.00000034
105 98 3 40929 2.00000034
72 98 3 30362 2.00000034
127 98 3 5116 2.00000034
68 98 3 4626 2.00000034
38 98 3 27227 2.00000034
6 98 3 4121 2.00000034
70 98 3 12245 2.00000034
83 98 3 4978 2.00000034
31 98 3 22383 2.00000034
81 98 3 23353 2.00000034
95 98 3 6115 2.00000034
123 98 3 21647 2.00000034
27 98 3 7765 2.00000034
48 98 3 7000 2.00000034
53 98 3 5588 2.00000034
63 98 3 4122 2.00000034
36 98 3 6784 2.00000034
87 98 3 17177 2.00000034
115 98 3 4661 2.00000034
25 98 3 11620 2.00000034
24 98 3 4225 2.00000034
62 98 3 26655 2.00000034
115 98 3 15133 2.00000034
75 98 3 81137 2.00000034
60 98 3 32648 2.00000034
29 98 3 30571 2.00000034
38 98 3 13560 2.00000034
92 98 3 6455 2.00000034
112 98 3 100402 2.00000034
63 98 3 13113 2.00000034
31 98 3 98193 2.00000034
57 98 3 13511 2.00000034
23 98 3 42053 2.00000034
45 98 3 6054 2.00000034
68 98 3 7079 2.00000034
114 98 3 29768 2.00000034
47 98 3 6423 2.00000034
50 98 3 28963 2.00000034
83 98 3 7087 2.00000034
71 98 3 5491 2.00000034
32 98 3 7208 2.00000034
77 98 3 7646 2.00000034
80 98 3 7359 2.00000034
10 98 3 5419 2.00000034
107 98 3 12050 2.00000034
25 98 3 28026 2.00000034
103 98 3 10128 2.00000034
55 98 3 46370 2.00000034
56 98 3 58181 2.00000034
39 98 3 6263 2.00000034
24 98 3 13994 2.00000034
116 98 3 86517 2.00000034
24 98 3 32038 2.00000034
99 98 3 47209 2.00000034
58 98 3 5222 2.00000034
78 98 3 25229 2.00000034
94 98 3 22725 2.00000034
55 98 3 28699 2.00000034
106 98 3 11256 2.00000034
68 98 3 18583 2.00000034
44 98 3 4540 2.00000034
54 98 3 23130 2.00000034
41 98 3 10570 2.00000034
93 98 3 30095 2.00000034
18 98 3 7412 2.00000034
48 98 3 22095 2.00000034
32 98 3 61543 2.00000034
116 98 3 44448 2.00000034
23 98 3 6632 2.00000034
113 98 3 12596 2.00000034
33 98 3 7623 2.00000034
32 98 3 6813 2.00000034
111 98 3 13151 2.00000034
74 98 3 949128 2.00000034
84 98 3 33962 2.00000034
51 98 3 22247 2.00000034
68 98 3 60119 2.00000034
89 98 3 26588 2.00000034
3 98 3 47843 2.00000034
122 98 3 59923 2.00000034
14 98 3 31300 2.00000034
37 98 3 5628 2.00000034
80 98 3 10895 2.00000034
93 98 3 17050 2.00000034
100 98 3 6939 2.00000034
126 98 3 59956 2.00000034
45 98 3 11571 2.00000034
14 98 3 63482 2.00000034
26 98 3 7038 2.00000034
0 98 3 31800 2.00000034
116 98 3 11514 2.00000034
116 98 3 59305 2.00000034
77 98 3 5483 2.00000034
94 98 3 7547 2.00000034
99 98 3 39110 2.00000034
22 98 3 29459 2.00000034
61 98 3 28884 2.00000034
83 98 3 55430 2.00000034
28 98 3 39042 2.00000034
50 98 3 88850 2.00000034
84 98 3 29203 2.00000034
121 98 3 7102 2.00000034
39 98 3 16823 2.00000034
111 98 3 61274 2.00000034
6 98 3 63377 2.00000034
10 98 3 25056 2.00000034
84 98 3 9354 2.00000034
113 98 3 7449 2.00000034
41 98 3 7277 2.00000034
104 98 3 5948 2.00000034
121 98 3 7680 2.00000034
125 98 3 18416 2.00000034
79 98 3 6212 2.00000034
10 98 3 12963 2.00000034
73 98 3 17871 2.00000034
90 98 3 72158 2.00000034
127 98 3 17760 2.00000034
74 98 3 82757 2.00000034
87 98 3 49146 2.00000034
2 98 3 16013 2.00000034
74 98 3 28646 2.00000034
7 98 3 87060 2.00000034
113 98 3 11840 2.00000034
66 98 3 9374 2.00000034
4 98 3 5122 2.00000034
73 98 3 19016 2.00000034
124 98 3 13952 2.00000034
14 98 3 99367 2.00000034
94 98 3 6561 2.00000034
39 98 3 7155 2.00000034
61 98 3 7097 2.00000034
40 98 3 78190 2.00000034
39 98 3 7167 2.00000034
52 98 3 20462 2.00000034
14 98 3 4255 2.00000034
62 98 3 15043 2.00000034
51 98 3 11130 2.00000034
36 98 3 55756 2.00000034
18 98 3 7573 2.00000034
18 98 3 79474 2.00000034
6 98 3 224372 2.00000034
21 98 3 7127 2.00000034
81 98 3 8415 2.00000034
127 98 3 29014 2.00000034
62 98 3 6019 2.00000034
89 98 3 9458 2.00000034
95 98 3 4145 2.00000034
118 98 3 5256 2.00000034
21 98 3 4344 2.00000034
41 98 3 44491 2.00000034
105 98 3 20228 2.00000034
50 98 3 7198 2.00000034
103 98 3 6195 2.00000034
77 98 3 17132 2.00000034
20 98 3 7933 2.00000034
75 98 3 103515 2.00000034
115 98 3 25677 2.00000034
79 98 3 6109 2.00000034
40 98 3 75237 2.00000034
76 98 3 10705 2.00000034
123 98 3 8145 2.00000034
110 98 3 13172 2.00000034
42 98 3 69540 2.00000034
57 98 3 15977 2.00000034
72 98 3 6130 2.00000034
111 98 3 6148 2.00000034
96 98 3 17134 2.00000034
41 98 3 14429 2.00000034
45 98 3 14509 2.00000034
96 98 3 9626 2.00000034
8 98 3 14673 2.00000034
87 98 3 22101 2.00000034
2 98 3 20007 2.00000034
95 98 3 91087 2.00000034
78 98 3 40466 2.00000034
103 98 3 88581 2.00000034
62 98 3 5580 2.00000034
126 98 3 4929 2.00000034
121 98 3 6265 2.00000034
17 98 3 41909 2.00000034
93 98 3 5523 2.00000034
67 98 3 7119 2.00000034
40 98 3 7897 2.00000034
118 98 3 9547 2.00000034
55 98 3 8424 2.00000034
15 98 3 5197 2.00000034
25 98 3 5961 2.00000034
99 98 3 73322 2.00000034
94 98 3 118632 2.00000034
75 98 3 5489 2.00000034
63 98 3 110090 2.00000034
70 98 3 28899 2.00000034
44 98 3 13002 2.00000034
24 98 3 6258 2.00000034
99 98 3 30868 2.00000034
80 98 3 115844 2.00000034
16 98 3 43806 2.00000034
26 98 3 7129 2.00000034
107 98 3 7322 2.00000034
30 98 3 21091 2.00000034
8 98 3 4132 2.00000034
36 98 3 36436 2.00000034
6 98 3 16007 2.00000034
74 98 3 7636 2.00000034
77 98 3 16905 2.00000034
101 98 3 115426 2.00000034
35 98 3 6584 2.00000034
100 98 3 82230 2.00000034
100 98 3 27421 2.00000034
49 98 3 5880 2.00000034
47 98 3 26072 2.00000034
4 98 3 11909 2.00000034
124 98 3 6616 2.00000034
10 98 3 14562 2.00000034
1 98 3 7728 2.00000034
112 98 3 6842 2.00000034
18 98 3 6872 2.00000034
77 98 3 61500 2.00000034
29 98 3 79178 2.00000034
126 98 3 4291 2.00000034
118 98 3 115719 2.00000034
18 98 3 5594 2.00000034
44 98 3 95875 2.00000034
114 98 3 49512 2.00000034
121 98 3 8904 2.00000034
93 98 3 5669 2.00000034
48 98 3 18452 2.00000034
53 98 3 17368 2.00000034
96 98 3 69515 2.00000034
69 98 3 58215 2.00000034
111 98 3 30774 2.00000034
59 98 3 66292 2.00000034
36 98 3 56528 2.00000034
51 98 3 10886 2.00000034
21 98 3 76535 2.00000034
3 98 3 4487 2.00000034
121 98 3 4446 2.00000034
113 98 3 30436 2.00000034
83 98 3 182188 2.00000034
4 98 3 6775 2.00000034
1 98 3 12735 2.00000034
50 98 3 29029 2.00000034
24 98 3 95870 2.00000034
97 98 3 94685 2.00000034
51 98 3 7724 2.00000034
43 98 3 14943 2.00000034
79 98 3 76471 2.00000034
117 98 3 76147 2.00000034
30 98 3 29105 2.00000034
20 98 3 8287 2.00000034
4 98 3 26802 2.00000034
46 98 3 95640 2.00000034
124 98 3 6507 2.00000034
5 98 3 28885 2.00000034
76 98 3 114153 2.00000034
31 98 3 38941 2.00000034
74 98 3 20504 2.00000034
57 98 3 102999 2.00000034
97 98 3 27271 2.00000034
81 98 3 9731 2.00000034
90 98 3 54020 2.00000034
49 98 3 6517 2.00000034
13 98 3 18615 2.00000034
122 98 3 92664 2.00000034
89 98 3 30827 2.00000034
23 98 3 6788 2.00000034
119 98 3 37345 2.00000034
69 98 3 13930 2.00000034
77 98 3 82734 2.00000034
68 98 3 98794 2.00000034
63 98 3 10371 2.00000034
34 98 3 95727 2.00000034
49 98 3 23444 2.00000034
83 98 3 28355 2.00000034
103 98 3 7271 2.00000034
91 98 3 7984 2.00000034
59 98 3 84280 2.00000034
2 98 3 7236 2.00000034
32 98 3 5962 2.00000034
69 98 3 97240 2.00000034
122 98 3 94992 2.00000034
12 98 3 5154 2.00000034
57 98 3 7416 2.00000034
49 98 3 163427 2.00000034
18 98 3 963870 2.00000034
119 98 3 4587 2.00000034
10 98 3 54923 2.00000034
91 98 3 90370 2.00000034
72 98 3 115825 2.00000034
111 98 3 6174 2.00000034
93 98 3 5783 2.00000034
9 98 3 4925 2.00000034
27 98 3 7394 2.00000034
71 98 3 82008 2.00000034
76 98 3 123502 2.00000034
68 98 3 4858 2.00000034
101 98 3 12443 2.00000034
71 98 3 53781 2.00000034
66 98 3 123666 2.00000034
31 98 3 55020 2.00000034
85 98 3 110885 2.00000034
35 98 3 28161 2.00000034
74 98 3 5285 2.00000034
42 98 3 30337 2.00000034
84 98 3 21062 2.00000034
10 98 3 20955 2.00000034
42 98 3 7163 2.00000034
3 98 3 15914 2.00000034
10 98 3 31083 2.00000034
120 98 3 12259 2.00000034
33 98 3 101502 2.00000034
116 98 3 109698 2.00000034
97 98 3 77177 2.00000034
102 98 3 19159 2.00000034
11 98 3 15545 2.00000034
72 98 3 22013 2.00000034
28 98 3 4023 2.00000034
68 98 3 67853 2.00000034
110 98 3 45743 2.00000034
33 98 3 413361 2.00000034
71 98 3 17189 2.00000034
82 98 3 66743 2.00000034
51 98 3 165377 2.00000034
18 98 3 109554 2.00000034
71 98 3 109774 2.00000034
84 98 3 114522 2.00000034
10 98 3 183320 2.00000034
10 98 3 104997 2.00000034
92 98 3 106063 2.00000034
12 98 3 1499516 2.00000034
120 98 3 104342 2.00000034
59 98 3 149857 2.00000034
103 98 3 56652 2.00000034
83 98 3 122048 2.00000034
123 98 3 105233 2.00000034
93 98 3 201534 2.00000034
52 98 3 1349707 2.00000034
125 98 3 27339 2.00000034
17 98 3 161734 2.00000034
59 98 3 123038 2.00000034
78 98 3 107322 2.00000034
100 98 3 113059 2.00000034
97 98 3 171597 2.00000034
41 98 3 1443063 2.00000034
67 98 3 24295 2.00000034
39 98 3 107579 2.00000034
20 98 3 110815 2.00000034
23 98 3 111182 2.00000034
99 98 3 124846 2.00000034
7 98 3 1932036 2.00000034
41 98 3 105259 2.00000034
74 98 3 114202 2.00000034
91 98 3 117917 2.00000034
18 98 3 117545 2.00000034
104 98 3 136466 2.00000034
86 98 3 120051 2.00000034
50 98 3 123246 2.00000034
11 98 3 110905 2.00000034
67 98 3 213475 2.00000034
42 98 3 113722 2.00000034
23 98 3 118748 2.00000034
87 98 3 107366 2.00000034
6 98 3 123547 2.00000034
90 98 3 117434 2.00000034
94 98 3 118003 2.00000034
70 98 3 105613 2.00000034
108 98 3 120477 2.00000034
36 98 3 114945 2.00000034
80 98 3 123601 2.00000034
8 98 3 750102 2.00000034
25 98 3 1445741 2.00000034
78 98 3 138566 2.00000034
7 98 3 119128 2.00000034
90 98 3 1753858 2.00000034
102 98 3 118458 2.00000034
126 98 3 175896 2.00000034
5 98 3 105642 2.00000034
108 98 3 120552 2.00000034
102 98 3 118150 2.00000034
122 98 3 112733 2.00000034
69 98 3 150877 2.00000034
11 98 3 127462 2.00000034
93 98 3 115526 2.00000034
62 98 3 131730 2.00000034
58 98 3 152393 2.00000034
72 98 3 173409 2.00000034
108 98 3 116326 2.00000034
85 98 3 121598 2.00000034
61 98 3 179645 2.00000034
123 98 3 109245 2.00000034
68 98 3 110634 2.00000034
101 98 3 116263 2.00000034
77 98 3 150407 2.00000034
46 98 3 802527 2.00000034
97 98 3 169309 2.00000034
102 98 3 237213 2.00000034
22 98 3 204185 2.00000034
112 98 3 202711 2.00000034
124 98 3 1174846 2.00000034
106 98 3 228127 2.00000034
126 98 3 143252 2.00000034
113 98 3 188501 2.00000034
31 98 3 166755 2.00000034
56 98 3 263370 2.00000034
43 98 3 162050 2.00000034
102 98 3 189870 2.00000034
68 98 3 340223 2.00000034
84 98 3 457285 2.00000034
95 98 3 217796 2.00000034
100 98 3 278740 2.00000034
36 98 3 232868 2.00000034
33 98 3 240575 2.00000034
115 98 3 149798 2.00000034
64 98 3 1002364 2.00000034
12 98 3 642726 2.00000034
45 98 3 320404 2.00000034
3 98 3 215436 2.00000034
6 98 3 246042 2.00000034
2 98 3 213852 2.00000034
79 98 3 1632972 2.00000034
81 98 3 544611 2.00000034
87 98 3 1169408 2.00000034
71 98 3 253253 2.00000034
2 98 3 818216 2.00000034
92 98 3 224755 2.00000034
1 98 3 287472 2.00000034
33 98 3 248542 2.00000034
57 98 3 295887 2.00000034
6 98 3 283535 2.00000034
103 98 3 246383 2.00000034
45 98 3 469123 2.00000034
25 98 3 253879 2.00000034
68 98 3 353315 2.00000034
87 98 3 234448 2.00000034
12 98 3 1587690 2.00000034
93 98 3 249106 2.00000034
18 98 3 239518 2.00000034
112 98 3 289739 2.00000034
64 98 3 246589 2.00000034
4 98 3 814432 2.00000034
112 98 3 398030 2.00000034
86 98 3 360005 2.00000034
8 98 3 392300 2.00000034
99 98 3 1273553 2.00000034
87 98 3 1238400 2.00000034
79 98 3 331982 2.00000034
63 98 3 342832 2.00000034
17 98 3 1707721 2.00000034
52 98 3 327103 2.00000034
26 98 3 1476546 2.00000034
17 98 3 401561 2.00000034
5 98 3 1861910 2.00000034
54 98 3 353525 2.00000034
78 98 3 1112334 2.00000034
8 98 3 363078 2.00000034
32 98 3 388675 2.00000034
111 98 3 826763 2.00000034
56 98 3 369641 2.00000034
17 98 3 387237 2.00000034
29 98 3 384683 2.00000034
18 98 3 442741 2.00000034
41 98 3 533379 2.00000034
88 98 3 400380 2.00000034
84 98 3 1342888 2.00000034
53 98 3 1729821 2.00000034
75 98 3 1708054 2.00000034
66 98 3 1519823 2.00000034
18 98 3 956342 2.00000034
115 98 3 469575 2.00000034
118 98 3 793445 2.00000034
122 98 3 439724 2.00000034
57 98 3 446330 2.00000034
11 98 3 450380 2.00000034
42 98 3 635659 2.00000034
5 98 3 720985 2.00000034
10 98 3 979241 2.00000034
91 98 3 1987789 2.00000034
112 98 3 1548049 2.00000034
15 98 3 489813 2.00000034
49 98 3 463449 2.00000034
80 98 3 1837110 2.00000034
75 98 3 911432 2.00000034
107 98 3 1470970 2.00000034
21 98 3 1264170 2.00000034
3 98 3 520940 2.00000034
3 98 3 522560 2.00000034
73 98 3 1870511 2.00000034
73 98 3 526229 2.00000034
62 98 3 1953510 2.00000034
51 98 3 520443 2.00000034
99 98 3 507594 2.00000034
52 98 3 1944275 2.00000034
58 98 3 525128 2.00000034
110 98 3 1592183 2.00000034
3 98 3 1941636 2.00000034
83 98 3 912273 2.00000034
95 98 3 1795545 2.00000034
124 98 3 598796 2.00000034
21 98 3 852996 2.00000034
71 98 3 601306 2.00000034
87 98 3 1407007 2.00000034
26 98 3 1231130 2.00000034
101 98 3 1111410 2.00000034
78 98 3 647040 2.00000034
75 98 3 902119 2.00000034
14 98 3 1180617 2.00000034
33 98 3 1095563 2.00000034
89 98 3 1544502 2.00000034
22 98 3 1415784 2.00000034
101 98 3 1946806 2.00000034
4 98 3 861674 2.00000034
37 98 3 1998689 2.00000034
90 98 3 642327 2.00000034
113 98 3 750595 2.00000034
53 98 3 1524251 2.00000034
10 98 3 741326 2.00000034
56 98 3 1283137 2.00000034
100 98 3 756736 2.00000034
33 98 3 831670 2.00000034
27 98 3 1380986 2.00000034
48 98 3 1953914 2.00000034
8 98 3 1498857 2.00000034
104 98 3 1777524 2.00000034
106 98 3 1834495 2.00000034
3 98 3 1228117 2.00000034
13 98 3 1610114 2.00000034
46 98 3 1155410 2.00000034
66 98 3 1414383 2.00000034
75 98 3 790335 2.00000034
20 98 3 881939 2.00000034
21 98 3 1318825 2.00000034
78 98 3 1646010 2.00000034
109 98 3 1505993 2.00000034
51 98 3 781463 2.00000034
3 98 3 797647 2.00000034
126 98 3 930330 2.00000034
108 98 3 869731 2.00000034
27 98 3 892446 2.00000034
36 98 3 841498 2.00000034
64 98 3 1053727 2.00000034
79 98 3 1770076 2.00000034
73 98 3 827413 2.00000034
60 98 3 1104827 2.00000034
22 98 3 1500731 2.00000034
73 98 3 1224438 2.00000034
109 98 3 939400 2.00000034
10 98 3 1687179 2.00000034
81 98 3 1641184 2.00000034
27 98 3 962340 2.00000034
29 98 3 976856 2.00000034
89 98 3 1096058 2.00000034
111 98 3 1873323 2.00000034
69 98 3 998139 2.00000034
8 98 3 1090683 2.00000034
88 98 3 1031541 2.00000034
104 98 3 933659 2.00000034
64 98 3 1630460 2.00000034
111 98 3 1774434 2.00000034
124 98 3 1731766 2.00000034
1 98 3 1463414 2.00000034
92 98 3 1026341 2.00000034
44 98 3 1239315 2.00000034
96 98 3 1033688 2.00000034
45 98 3 1342585 2.00000034
15 98 3 1117581 2.00000034
67 98 3 1045025 2.00000034
124 98 3 1062832 2.00000034
12 98 3 1246470 2.00000034
87 98 3 1556695 2.00000034
0 98 3 1052036 2.00000034
82 98 3 1087772 2.00000034
5 98 3 1176355 2.00000034
46 98 3 1127215 2.00000034
32 98 3 1587800 2.00000034
39 98 3 1137787 2.00000034
125 98 3 1163113 2.00000034
117 98 3 1147093 2.00000034
18 98 3 1462876 2.00000034
107 98 3 1122356 2.00000034
49 98 3 1257624 2.00000034
69 98 3 1385432 2.00000034
43 98 3 1939356 2.00000034
13 98 3 1790717 2.00000034
122 98 3 1224387 2.00000034
29 98 3 1224054 2.00000034
6 98 3 1257684 2.00000034
26 98 3 1329796 2.00000034
60 98 3 1267775 2.00000034
90 98 3 1207721 2.00000034
105 98 3 1928154 2.00000034
46 98 3 1939679 2.00000034
71 98 3 1379603 2.00000034
16 98 3 1529580 2.00000034
84 98 3 1219663 2.00000034
52 98 3 1502381 2.00000034
113 98 3 1295973 2.00000034
30 98 3 1316440 2.00000034
78 98 3 1443469 2.00000034
27 98 3 1984519 2.00000034
115 98 3 1230265 2.00000034
109 98 3 1412657 2.00000034
35 98 3 1358131 2.00000034
49 98 3 1298255 2.00000034
27 98 3 1850957 2.00000034
65 98 3 1427323 2.00000034
69 98 3 1359922 2.00000034
108 98 3 1607319 2.00000034
102 98 3 1488078 2.00000034
10 98 3 1389910 2.00000034
110 98 3 1523859 2.00000034
67 98 3 1399986 2.00000034
78 98 3 1505998 2.00000034
8 98 3 1808107 2.00000034
22 98 3 1412453 2.00000034
90 98 3 1565179 2.00000034
72 98 3 1505840 2.00000034
109 98 3 1930276 2.00000034
91 98 3 1592199 2.00000034
124 98 3 1608854 2.00000034
45 98 3 1850401 2.00000034
35 98 3 1833115 2.00000034
119 98 3 1627334 2.00000034
92 98 3 1865105 2.00000034
75 98 3 1493362 2.00000034
101 98 3 1693942 2.00000034
82 98 3 1768828 2.00000034
54 98 3 1697268 2.00000034
121 98 3 1978633 2.00000034
108 98 3 1803630 2.00000034
55 98 3 1683660 2.00000034
94 98 3 1619163 2.00000034
83 98 3 1890631 2.00000034
103 98 3 1688078 2.00000034
25 98 3 1708576 2.00000034
76 98 3 1737744 2.00000034
50 98 3 1762900 2.00000034
4 98 3 1946556 2.00000034
46 98 3 1740381 2.00000034
6 98 3 1617907 2.00000034
9 98 3 1679555 2.00000034
19 98 3 1849367 2.00000034
18 98 3 1717479 2.00000034
63 98 3 1738065 2.00000034
77 98 3 1735951 2.00000034
13 98 3 1828232 2.00000034
93 98 3 1810082 2.00000034
100 98 3 1889045 2.00000034
14 98 3 1989573 2.00000034
49 98 3 1940616 2.00000034
99 98 3 1943615 2.00000034
39 98 3 1883463 2.00000034
105 98 3 1870208 2.00000034
34 98 3 1948888 2.00000034
20 98 3 1895029 2.00000034
68 98 3 1979336 2.00000034
57 98 3 1989959 2.00000034
4 98 3 1984770 2.00000034
