128 129 17 0 1500
128 129 18 0 1500
128 129 19 0 1500
128 129 20 0 1500
128 129 21 0 1500
128 129 22 0 1500
128 129 23 0 1500
128 129 24 0 1500
128 129 25 0 1500
128 129 26 0 1500
128 129 27 0 1500
128 129 28 0 1500
128 129 30 0 1500
128 129 31 0 1500
128 129 32 0 1500
128 130 17 0 1500
128 130 18 0 1500
128 130 19 0 1500
128 130 20 0 1500
128 130 21 0 1500
128 130 22 0 1500
128 130 23 0 1500
128 130 24 0 1500
128 130 25 0 1500
128 130 26 0 1500
128 130 27 0 1500
128 130 28 0 1500
128 130 29 1 100
128 130 30 0 1500
128 130 31 0 1500
128 130 32 0 1500
128 131 17 0 1500
128 131 18 0 1500
128 131 19 0 1500
128 131 20 0 1500
128 131 21 0 1500
128 131 22 0 1500
128 131 23 0 1500
128 131 24 0 1500
128 131 25 0 1500
128 131 26 0 1500
128 131 27 0 1500
128 131 28 0 1500
128 131 29 1 100
128 131 30 0 1500
128 131 31 0 1500
128 131 32 0 1500
128 132 17 0 1500
128 132 18 0 1500
128 132 19 0 1500
128 132 20 0 1500
128 132 21 0 1500
128 132 22 0 1500
128 132 23 0 1500
128 132 24 0 1500
128 132 25 0 1500
128 132 26 0 1500
128 132 27 0 1500
128 132 28 0 1500
128 132 29 1 100
128 132 30 0 1500
128 132 31 0 1500
128 132 32 0 1500
128 133 17 0 1500
128 133 18 0 1500
128 133 19 0 1500
128 133 20 0 1500
128 133 21 0 1500
128 133 22 0 1500
128 133 23 0 1500
128 133 24 0 1500
128 133 25 0 1500
128 133 26 0 1500
128 133 27 0 1500
128 133 28 0 1500
128 133 29 1 100
128 133 30 0 1500
128 133 31 0 1500
128 133 32 0 1500
128 134 17 0 1500
128 134 18 0 1500
128 134 19 0 1500
128 134 20 0 1500
128 134 21 0 1500
128 134 22 0 1500
128 134 23 0 1500
128 134 24 0 1500
128 134 25 0 1500
128 134 26 0 1500
128 134 27 0 1500
128 134 28 0 1500
128 134 29 1 100
128 134 30 0 1500
128 134 31 0 1500
128 134 32 0 1500
128 135 17 0 1500
128 135 18 0 1500
128 135 19 0 1500
128 135 20 0 1500
128 135 21 0 1500
128 135 22 0 1500
128 135 23 0 1500
128 135 24 0 1500
128 135 25 0 1500
128 135 26 0 1500
128 135 27 0 1500
128 135 28 0 1500
128 135 29 1 100
128 135 30 0 1500
128 135 31 0 1500
128 135 32 0 1500
129 128 17 0 1500
129 128 18 0 1500
129 128 19 0 1500
129 128 20 0 1500
129 128 21 0 1500
129 128 22 0 1500
129 128 23 0 1500
129 128 24 0 1500
129 128 25 0 1500
129 128 26 0 1500
129 128 27 0 1500
129 128 28 0 1500
129 128 29 0 1500
129 128 30 0 1500
129 128 31 0 1500
129 130 17 0 1500
129 130 18 0 1500
129 130 19 0 1500
129 130 20 0 1500
129 130 21 0 1500
129 130 22 0 1500
129 130 23 0 1500
129 130 24 0 1500
129 130 25 0 1500
129 130 26 0 1500
129 130 27 0 1500
129 130 28 0 1500
129 130 29 0 1500
129 130 30 0 1500
129 130 31 0 1500
129 131 17 0 1500
129 131 18 0 1500
129 131 19 0 1500
129 131 20 0 1500
129 131 21 0 1500
129 131 22 0 1500
129 131 23 0 1500
129 131 24 0 1500
129 131 25 0 1500
129 131 26 0 1500
129 131 27 0 1500
129 131 28 0 1500
129 131 29 0 1500
129 131 30 0 1500
129 131 31 0 1500
129 132 17 0 1500
129 132 18 0 1500
129 132 19 0 1500
129 132 20 0 1500
129 132 21 0 1500
129 132 22 0 1500
129 132 23 0 1500
129 132 24 0 1500
129 132 25 0 1500
129 132 26 0 1500
129 132 27 0 1500
129 132 28 0 1500
129 132 29 0 1500
129 132 30 0 1500
129 132 31 0 1500
129 133 17 0 1500
129 133 18 0 1500
129 133 19 0 1500
129 133 20 0 1500
129 133 21 0 1500
129 133 22 0 1500
129 133 23 0 1500
129 133 24 0 1500
129 133 25 0 1500
129 133 26 0 1500
129 133 27 0 1500
129 133 28 0 1500
129 133 29 0 1500
129 133 30 0 1500
129 133 31 0 1500
129 134 17 0 1500
129 134 18 0 1500
129 134 19 0 1500
129 134 20 0 1500
129 134 21 0 1500
129 134 22 0 1500
129 134 23 0 1500
129 134 24 0 1500
129 134 25 0 1500
129 134 26 0 1500
129 134 27 0 1500
129 134 28 0 1500
129 134 29 0 1500
129 134 30 0 1500
129 134 31 0 1500
129 135 17 0 1500
129 135 18 0 1500
129 135 19 0 1500
129 135 20 0 1500
129 135 21 0 1500
129 135 22 0 1500
129 135 23 0 1500
129 135 24 0 1500
129 135 25 0 1500
129 135 26 0 1500
129 135 27 0 1500
129 135 28 0 1500
129 135 29 0 1500
129 135 30 0 1500
129 135 31 0 1500
130 128 17 0 1500
130 128 18 0 1500
130 128 19 0 1500
130 128 20 0 1500
130 128 21 0 1500
130 128 22 0 1500
130 128 23 0 1500
130 128 24 0 1500
130 128 25 0 1500
130 128 26 0 1500
130 128 27 0 1500
130 128 28 0 1500
130 128 29 1 100
130 128 30 0 1500
130 128 31 0 1500
130 128 32 0 1500
130 129 17 0 1500
130 129 18 0 1500
130 129 19 0 1500
130 129 20 0 1500
130 129 21 0 1500
130 129 22 0 1500
130 129 23 0 1500
130 129 24 0 1500
130 129 25 0 1500
130 129 26 0 1500
130 129 27 0 1500
130 129 28 0 1500
130 129 30 0 1500
130 129 31 0 1500
130 129 32 0 1500
130 131 17 0 1500
130 131 18 0 1500
130 131 19 0 1500
130 131 20 0 1500
130 131 21 0 1500
130 131 22 0 1500
130 131 23 0 1500
130 131 24 0 1500
130 131 25 0 1500
130 131 26 0 1500
130 131 27 0 1500
130 131 28 0 1500
130 131 29 1 100
130 131 30 0 1500
130 131 31 0 1500
130 131 32 0 1500
130 132 17 0 1500
130 132 18 0 1500
130 132 19 0 1500
130 132 20 0 1500
130 132 21 0 1500
130 132 22 0 1500
130 132 23 0 1500
130 132 24 0 1500
130 132 25 0 1500
130 132 26 0 1500
130 132 27 0 1500
130 132 28 0 1500
130 132 29 1 100
130 132 30 0 1500
130 132 31 0 1500
130 132 32 0 1500
130 133 17 0 1500
130 133 18 0 1500
130 133 19 0 1500
130 133 20 0 1500
130 133 21 0 1500
130 133 22 0 1500
130 133 23 0 1500
130 133 24 0 1500
130 133 25 0 1500
130 133 26 0 1500
130 133 27 0 1500
130 133 28 0 1500
130 133 29 1 100
130 133 30 0 1500
130 133 31 0 1500
130 133 32 0 1500
130 134 17 0 1500
130 134 18 0 1500
130 134 19 0 1500
130 134 20 0 1500
130 134 21 0 1500
130 134 22 0 1500
130 134 23 0 1500
130 134 24 0 1500
130 134 25 0 1500
130 134 26 0 1500
130 134 27 0 1500
130 134 28 0 1500
130 134 29 1 100
130 134 30 0 1500
130 134 31 0 1500
130 134 32 0 1500
130 135 17 0 1500
130 135 18 0 1500
130 135 19 0 1500
130 135 20 0 1500
130 135 21 0 1500
130 135 22 0 1500
130 135 23 0 1500
130 135 24 0 1500
130 135 25 0 1500
130 135 26 0 1500
130 135 27 0 1500
130 135 28 0 1500
130 135 29 1 100
130 135 30 0 1500
130 135 31 0 1500
130 135 32 0 1500
131 128 17 0 1500
131 128 18 0 1500
131 128 19 0 1500
131 128 20 0 1500
131 128 21 0 1500
131 128 22 0 1500
131 128 23 0 1500
131 128 24 0 1500
131 128 25 0 1500
131 128 26 0 1500
131 128 27 0 1500
131 128 28 0 1500
131 128 29 1 100
131 128 30 0 1500
131 128 31 0 1500
131 128 32 0 1500
131 129 17 0 1500
131 129 18 0 1500
131 129 19 0 1500
131 129 20 0 1500
131 129 21 0 1500
131 129 22 0 1500
131 129 23 0 1500
131 129 24 0 1500
131 129 25 0 1500
131 129 26 0 1500
131 129 27 0 1500
131 129 28 0 1500
131 129 30 0 1500
131 129 31 0 1500
131 129 32 0 1500
131 130 17 0 1500
131 130 18 0 1500
131 130 19 0 1500
131 130 20 0 1500
131 130 21 0 1500
131 130 22 0 1500
131 130 23 0 1500
131 130 24 0 1500
131 130 25 0 1500
131 130 26 0 1500
131 130 27 0 1500
131 130 28 0 1500
131 130 29 1 100
131 130 30 0 1500
131 130 31 0 1500
131 130 32 0 1500
131 132 17 0 1500
131 132 18 0 1500
131 132 19 0 1500
131 132 20 0 1500
131 132 21 0 1500
131 132 22 0 1500
131 132 23 0 1500
131 132 24 0 1500
131 132 25 0 1500
131 132 26 0 1500
131 132 27 0 1500
131 132 28 0 1500
131 132 29 1 100
131 132 30 0 1500
131 132 31 0 1500
131 132 32 0 1500
131 133 17 0 1500
131 133 18 0 1500
131 133 19 0 1500
131 133 20 0 1500
131 133 21 0 1500
131 133 22 0 1500
131 133 23 0 1500
131 133 24 0 1500
131 133 25 0 1500
131 133 26 0 1500
131 133 27 0 1500
131 133 28 0 1500
131 133 29 1 100
131 133 30 0 1500
131 133 31 0 1500
131 133 32 0 1500
131 134 17 0 1500
131 134 18 0 1500
131 134 19 0 1500
131 134 20 0 1500
131 134 21 0 1500
131 134 22 0 1500
131 134 23 0 1500
131 134 24 0 1500
131 134 25 0 1500
131 134 26 0 1500
131 134 27 0 1500
131 134 28 0 1500
131 134 29 1 100
131 134 30 0 1500
131 134 31 0 1500
131 134 32 0 1500
131 135 17 0 1500
131 135 18 0 1500
131 135 19 0 1500
131 135 20 0 1500
131 135 21 0 1500
131 135 22 0 1500
131 135 23 0 1500
131 135 24 0 1500
131 135 25 0 1500
131 135 26 0 1500
131 135 27 0 1500
131 135 28 0 1500
131 135 29 1 100
131 135 30 0 1500
131 135 31 0 1500
131 135 32 0 1500
132 128 17 0 1500
132 128 18 0 1500
132 128 19 0 1500
132 128 20 0 1500
132 128 21 0 1500
132 128 22 0 1500
132 128 23 0 1500
132 128 24 0 1500
132 128 25 0 1500
132 128 26 0 1500
132 128 27 0 1500
132 128 28 0 1500
132 128 29 1 100
132 128 30 0 1500
132 128 31 0 1500
132 128 32 0 1500
132 129 17 0 1500
132 129 18 0 1500
132 129 19 0 1500
132 129 20 0 1500
132 129 21 0 1500
132 129 22 0 1500
132 129 23 0 1500
132 129 24 0 1500
132 129 25 0 1500
132 129 26 0 1500
132 129 27 0 1500
132 129 28 0 1500
132 129 30 0 1500
132 129 31 0 1500
132 129 32 0 1500
132 130 17 0 1500
132 130 18 0 1500
132 130 19 0 1500
132 130 20 0 1500
132 130 21 0 1500
132 130 22 0 1500
132 130 23 0 1500
132 130 24 0 1500
132 130 25 0 1500
132 130 26 0 1500
132 130 27 0 1500
132 130 28 0 1500
132 130 29 1 100
132 130 30 0 1500
132 130 31 0 1500
132 130 32 0 1500
132 131 17 0 1500
132 131 18 0 1500
132 131 19 0 1500
132 131 20 0 1500
132 131 21 0 1500
132 131 22 0 1500
132 131 23 0 1500
132 131 24 0 1500
132 131 25 0 1500
132 131 26 0 1500
132 131 27 0 1500
132 131 28 0 1500
132 131 29 1 100
132 131 30 0 1500
132 131 31 0 1500
132 131 32 0 1500
132 133 17 0 1500
132 133 18 0 1500
132 133 19 0 1500
132 133 20 0 1500
132 133 21 0 1500
132 133 22 0 1500
132 133 23 0 1500
132 133 24 0 1500
132 133 25 0 1500
132 133 26 0 1500
132 133 27 0 1500
132 133 28 0 1500
132 133 29 1 100
132 133 30 0 1500
132 133 31 0 1500
132 133 32 0 1500
132 134 17 0 1500
132 134 18 0 1500
132 134 19 0 1500
132 134 20 0 1500
132 134 21 0 1500
132 134 22 0 1500
132 134 23 0 1500
132 134 24 0 1500
132 134 25 0 1500
132 134 26 0 1500
132 134 27 0 1500
132 134 28 0 1500
132 134 29 1 100
132 134 30 0 1500
132 134 31 0 1500
132 134 32 0 1500
132 135 17 0 1500
132 135 18 0 1500
132 135 19 0 1500
132 135 20 0 1500
132 135 21 0 1500
132 135 22 0 1500
132 135 23 0 1500
132 135 24 0 1500
132 135 25 0 1500
132 135 26 0 1500
132 135 27 0 1500
132 135 28 0 1500
132 135 29 1 100
132 135 30 0 1500
132 135 31 0 1500
132 135 32 0 1500
133 128 17 0 1500
133 128 18 0 1500
133 128 19 0 1500
133 128 20 0 1500
133 128 21 0 1500
133 128 22 0 1500
133 128 23 0 1500
133 128 24 0 1500
133 128 25 0 1500
133 128 26 0 1500
133 128 27 0 1500
133 128 28 0 1500
133 128 29 1 100
133 128 30 0 1500
133 128 31 0 1500
133 128 32 0 1500
133 129 17 0 1500
133 129 18 0 1500
133 129 19 0 1500
133 129 20 0 1500
133 129 21 0 1500
133 129 22 0 1500
133 129 23 0 1500
133 129 24 0 1500
133 129 25 0 1500
133 129 26 0 1500
133 129 27 0 1500
133 129 28 0 1500
133 129 30 0 1500
133 129 31 0 1500
133 129 32 0 1500
133 130 17 0 1500
133 130 18 0 1500
133 130 19 0 1500
133 130 20 0 1500
133 130 21 0 1500
133 130 22 0 1500
133 130 23 0 1500
133 130 24 0 1500
133 130 25 0 1500
133 130 26 0 1500
133 130 27 0 1500
133 130 28 0 1500
133 130 29 1 100
133 130 30 0 1500
133 130 31 0 1500
133 130 32 0 1500
133 131 17 0 1500
133 131 18 0 1500
133 131 19 0 1500
133 131 20 0 1500
133 131 21 0 1500
133 131 22 0 1500
133 131 23 0 1500
133 131 24 0 1500
133 131 25 0 1500
133 131 26 0 1500
133 131 27 0 1500
133 131 28 0 1500
133 131 29 1 100
133 131 30 0 1500
133 131 31 0 1500
133 131 32 0 1500
133 132 17 0 1500
133 132 18 0 1500
133 132 19 0 1500
133 132 20 0 1500
133 132 21 0 1500
133 132 22 0 1500
133 132 23 0 1500
133 132 24 0 1500
133 132 25 0 1500
133 132 26 0 1500
133 132 27 0 1500
133 132 28 0 1500
133 132 29 1 100
133 132 30 0 1500
133 132 31 0 1500
133 132 32 0 1500
133 134 17 0 1500
133 134 18 0 1500
133 134 19 0 1500
133 134 20 0 1500
133 134 21 0 1500
133 134 22 0 1500
133 134 23 0 1500
133 134 24 0 1500
133 134 25 0 1500
133 134 26 0 1500
133 134 27 0 1500
133 134 28 0 1500
133 134 29 1 100
133 134 30 0 1500
133 134 31 0 1500
133 134 32 0 1500
133 135 17 0 1500
133 135 18 0 1500
133 135 19 0 1500
133 135 20 0 1500
133 135 21 0 1500
133 135 22 0 1500
133 135 23 0 1500
133 135 24 0 1500
133 135 25 0 1500
133 135 26 0 1500
133 135 27 0 1500
133 135 28 0 1500
133 135 29 1 100
133 135 30 0 1500
133 135 31 0 1500
133 135 32 0 1500
134 128 17 0 1500
134 128 18 0 1500
134 128 19 0 1500
134 128 20 0 1500
134 128 21 0 1500
134 128 22 0 1500
134 128 23 0 1500
134 128 24 0 1500
134 128 25 0 1500
134 128 26 0 1500
134 128 27 0 1500
134 128 28 0 1500
134 128 29 1 100
134 128 30 0 1500
134 128 31 0 1500
134 128 32 0 1500
134 129 17 0 1500
134 129 18 0 1500
134 129 19 0 1500
134 129 20 0 1500
134 129 21 0 1500
134 129 22 0 1500
134 129 23 0 1500
134 129 24 0 1500
134 129 25 0 1500
134 129 26 0 1500
134 129 27 0 1500
134 129 28 0 1500
134 129 30 0 1500
134 129 31 0 1500
134 129 32 0 1500
134 130 17 0 1500
134 130 18 0 1500
134 130 19 0 1500
134 130 20 0 1500
134 130 21 0 1500
134 130 22 0 1500
134 130 23 0 1500
134 130 24 0 1500
134 130 25 0 1500
134 130 26 0 1500
134 130 27 0 1500
134 130 28 0 1500
134 130 29 1 100
134 130 30 0 1500
134 130 31 0 1500
134 130 32 0 1500
134 131 17 0 1500
134 131 18 0 1500
134 131 19 0 1500
134 131 20 0 1500
134 131 21 0 1500
134 131 22 0 1500
134 131 23 0 1500
134 131 24 0 1500
134 131 25 0 1500
134 131 26 0 1500
134 131 27 0 1500
134 131 28 0 1500
134 131 29 1 100
134 131 30 0 1500
134 131 31 0 1500
134 131 32 0 1500
134 132 17 0 1500
134 132 18 0 1500
134 132 19 0 1500
134 132 20 0 1500
134 132 21 0 1500
134 132 22 0 1500
134 132 23 0 1500
134 132 24 0 1500
134 132 25 0 1500
134 132 26 0 1500
134 132 27 0 1500
134 132 28 0 1500
134 132 29 1 100
134 132 30 0 1500
134 132 31 0 1500
134 132 32 0 1500
134 133 17 0 1500
134 133 18 0 1500
134 133 19 0 1500
134 133 20 0 1500
134 133 21 0 1500
134 133 22 0 1500
134 133 23 0 1500
134 133 24 0 1500
134 133 25 0 1500
134 133 26 0 1500
134 133 27 0 1500
134 133 28 0 1500
134 133 29 1 100
134 133 30 0 1500
134 133 31 0 1500
134 133 32 0 1500
134 135 17 0 1500
134 135 18 0 1500
134 135 19 0 1500
134 135 20 0 1500
134 135 21 0 1500
134 135 22 0 1500
134 135 23 0 1500
134 135 24 0 1500
134 135 25 0 1500
134 135 26 0 1500
134 135 27 0 1500
134 135 28 0 1500
134 135 29 1 100
134 135 30 0 1500
134 135 31 0 1500
134 135 32 0 1500
135 128 17 0 1500
135 128 18 0 1500
135 128 19 0 1500
135 128 20 0 1500
135 128 21 0 1500
135 128 22 0 1500
135 128 23 0 1500
135 128 24 0 1500
135 128 25 0 1500
135 128 26 0 1500
135 128 27 0 1500
135 128 28 0 1500
135 128 29 1 100
135 128 30 0 1500
135 128 31 0 1500
135 128 32 0 1500
135 129 17 0 1500
135 129 18 0 1500
135 129 19 0 1500
135 129 20 0 1500
135 129 21 0 1500
135 129 22 0 1500
135 129 23 0 1500
135 129 24 0 1500
135 129 25 0 1500
135 129 26 0 1500
135 129 27 0 1500
135 129 28 0 1500
135 129 30 0 1500
135 129 31 0 1500
135 129 32 0 1500
135 130 17 0 1500
135 130 18 0 1500
135 130 19 0 1500
135 130 20 0 1500
135 130 21 0 1500
135 130 22 0 1500
135 130 23 0 1500
135 130 24 0 1500
135 130 25 0 1500
135 130 26 0 1500
135 130 27 0 1500
135 130 28 0 1500
135 130 29 1 100
135 130 30 0 1500
135 130 31 0 1500
135 130 32 0 1500
135 131 17 0 1500
135 131 18 0 1500
135 131 19 0 1500
135 131 20 0 1500
135 131 21 0 1500
135 131 22 0 1500
135 131 23 0 1500
135 131 24 0 1500
135 131 25 0 1500
135 131 26 0 1500
135 131 27 0 1500
135 131 28 0 1500
135 131 29 1 100
135 131 30 0 1500
135 131 31 0 1500
135 131 32 0 1500
135 132 17 0 1500
135 132 18 0 1500
135 132 19 0 1500
135 132 20 0 1500
135 132 21 0 1500
135 132 22 0 1500
135 132 23 0 1500
135 132 24 0 1500
135 132 25 0 1500
135 132 26 0 1500
135 132 27 0 1500
135 132 28 0 1500
135 132 29 1 100
135 132 30 0 1500
135 132 31 0 1500
135 132 32 0 1500
135 133 17 0 1500
135 133 18 0 1500
135 133 19 0 1500
135 133 20 0 1500
135 133 21 0 1500
135 133 22 0 1500
135 133 23 0 1500
135 133 24 0 1500
135 133 25 0 1500
135 133 26 0 1500
135 133 27 0 1500
135 133 28 0 1500
135 133 29 1 100
135 133 30 0 1500
135 133 31 0 1500
135 133 32 0 1500
135 134 17 0 1500
135 134 18 0 1500
135 134 19 0 1500
135 134 20 0 1500
135 134 21 0 1500
135 134 22 0 1500
135 134 23 0 1500
135 134 24 0 1500
135 134 25 0 1500
135 134 26 0 1500
135 134 27 0 1500
135 134 28 0 1500
135 134 29 1 100
135 134 30 0 1500
135 134 31 0 1500
135 134 32 0 1500
